 769 1
 769 2
 769 3
 769 4
 769 5
 769 6
 769 7
 769 8
 769 9
 769 10
 769 11
 763 12
 763 13
 763 14
 752 15
 752 16
 752 17
 751 18
 751 19
 751 20
 751 21
 751 22
 751 23
 750 24
 750 25
 750 26
 750 27
 749 28
 749 29
 749 30
 749 31
 749 32
 749 33
 748 34
 748 35
 748 36
 748 37
 748 38
 748 39
 748 40
 748 41
 748 42
 747 43
 747 44
 747 45
 747 46
 747 47
 747 48
 747 49
 746 50
 746 51
 746 52
 746 53
 746 54
 746 55
 746 56
 746 57
 746 58
 745 59
 745 60
 745 61
 745 62
 745 63
 745 64
 745 65
 745 66
 745 67
 744 68
 744 69
 744 70
 744 71
 744 72
 744 73
 744 74
 744 75
 744 76
 744 77
 744 78
 744 79
 744 80
 743 81
 743 82
 743 83
 743 84
 743 85
 743 86
 743 87
 743 88
 743 89
 743 90
 743 91
 743 92
 743 93
 742 94
 742 95
 742 96
 742 97
 742 98
 742 99
 742 100
 742 101
 742 102
 742 103
 742 104
 742 105
 742 106
 742 107
 742 108
 741 109
 741 110
 741 111
 741 112
 741 113
 741 114
 741 115
 741 116
 741 117
 741 118
 741 119
 741 120
 741 121
 741 122
 741 123
 741 124
 740 125
 740 126
 740 127
 740 128
 740 129
 740 130
 740 131
 740 132
 740 133
 740 134
 740 135
 740 136
 740 137
 740 138
 740 139
 740 140
 740 141
 740 142
 740 143
 739 144
 739 145
 739 146
 739 147
 739 148
 739 149
 739 150
 739 151
 739 152
 739 153
 739 154
 739 155
 739 156
 738 157
 738 158
 738 159
 738 160
 738 161
 738 162
 738 163
 738 164
 738 165
 738 166
 738 167
 738 168
 738 169
 738 170
 738 171
 738 172
 738 173
 738 174
 738 175
 737 176
 737 177
 737 178
 737 179
 737 180
 737 181
 737 182
 737 183
 737 184
 737 185
 737 186
 737 187
 737 188
 737 189
 737 190
 736 191
 736 192
 736 193
 736 194
 736 195
 736 196
 736 197
 736 198
 736 199
 736 200
 736 201
 736 202
 736 203
 736 204
 736 205
 736 206
 736 207
 736 208
 736 209
 735 210
 735 211
 735 212
 735 213
 735 214
 735 215
 735 216
 735 217
 735 218
 735 219
 735 220
 735 221
 735 222
 735 223
 735 224
 735 225
 735 226
 735 227
 735 228
 735 229
 735 230
 735 231
 735 232
 735 233
 735 234
 735 235
 735 236
 735 237
 735 238
 734 239
 734 240
 734 241
 734 242
 734 243
 734 244
 734 245
 734 246
 734 247
 734 248
 734 249
 734 250
 734 251
 734 252
 734 253
 734 254
 734 255
 734 256
 734 257
 734 258
 734 259
 734 260
 733 261
 733 262
 733 263
 733 264
 733 265
 733 266
 733 267
 733 268
 733 269
 733 270
 733 271
 733 272
 733 273
 733 274
 733 275
 733 276
 733 277
 733 278
 732 279
 732 280
 732 281
 732 282
 732 283
 732 284
 732 285
 732 286
 732 287
 732 288
 732 289
 732 290
 732 291
 732 292
 732 293
 732 294
 732 295
 732 296
 732 297
 732 298
 732 299
 732 300
 732 301
 732 302
 732 303
 732 304
 731 305
 731 306
 731 307
 731 308
 731 309
 731 310
 731 311
 731 312
 731 313
 731 314
 731 315
 731 316
 731 317
 731 318
 731 319
 731 320
 731 321
 731 322
 731 323
 730 324
 730 325
 730 326
 730 327
 730 328
 730 329
 730 330
 730 331
 730 332
 730 333
 730 334
 730 335
 730 336
 730 337
 730 338
 730 339
 730 340
 730 341
 730 342
 730 343
 730 344
 730 345
 730 346
 730 347
 730 348
 729 349
 729 350
 729 351
 729 352
 729 353
 729 354
 729 355
 729 356
 729 357
 729 358
 729 359
 729 360
 729 361
 729 362
 729 363
 729 364
 729 365
 729 366
 729 367
 729 368
 729 369
 729 370
 728 371
 728 372
 728 373
 728 374
 728 375
 728 376
 728 377
 728 378
 728 379
 728 380
 728 381
 728 382
 728 383
 728 384
 728 385
 728 386
 728 387
 728 388
 728 389
 728 390
 728 391
 728 392
 728 393
 728 394
 728 395
 728 396
 728 397
 728 398
 728 399
 728 400
 728 401
 727 402
 727 403
 727 404
 727 405
 727 406
 727 407
 727 408
 727 409
 727 410
 727 411
 727 412
 727 413
 727 414
 727 415
 727 416
 727 417
 727 418
 727 419
 727 420
 727 421
 727 422
 727 423
 727 424
 727 425
 727 426
 727 427
 727 428
 727 429
 727 430
 726 431
 726 432
 726 433
 726 434
 726 435
 726 436
 726 437
 726 438
 726 439
 726 440
 726 441
 726 442
 726 443
 726 444
 726 445
 726 446
 726 447
 726 448
 726 449
 726 450
 726 451
 726 452
 726 453
 726 454
 726 455
 726 456
 726 457
 726 458
 726 459
 726 460
 726 461
 726 462
 726 463
 726 464
 725 465
 725 466
 725 467
 725 468
 725 469
 725 470
 725 471
 725 472
 725 473
 725 474
 725 475
 725 476
 725 477
 725 478
 725 479
 725 480
 725 481
 725 482
 725 483
 725 484
 725 485
 725 486
 725 487
 725 488
 725 489
 725 490
 725 491
 725 492
 725 493
 724 494
 724 495
 724 496
 724 497
 724 498
 724 499
 724 500
 724 501
 724 502
 724 503
 724 504
 724 505
 724 506
 724 507
 724 508
 724 509
 724 510
 724 511
 724 512
 724 513
 724 514
 724 515
 724 516
 724 517
 724 518
 724 519
 724 520
 724 521
 724 522
 724 523
 724 524
 724 525
 724 526
 724 527
 724 528
 724 529
 724 530
 723 531
 723 532
 723 533
 723 534
 723 535
 723 536
 723 537
 723 538
 723 539
 723 540
 723 541
 723 542
 723 543
 723 544
 723 545
 723 546
 723 547
 723 548
 723 549
 723 550
 723 551
 723 552
 723 553
 723 554
 723 555
 723 556
 722 557
 722 558
 722 559
 722 560
 722 561
 722 562
 722 563
 722 564
 722 565
 722 566
 722 567
 722 568
 722 569
 722 570
 722 571
 722 572
 722 573
 722 574
 722 575
 722 576
 722 577
 722 578
 722 579
 722 580
 722 581
 722 582
 722 583
 722 584
 722 585
 722 586
 722 587
 722 588
 722 589
 722 590
 722 591
 722 592
 722 593
 722 594
 722 595
 722 596
 721 597
 721 598
 721 599
 721 600
 721 601
 721 602
 721 603
 721 604
 721 605
 721 606
 721 607
 721 608
 721 609
 721 610
 721 611
 721 612
 721 613
 721 614
 721 615
 721 616
 721 617
 721 618
 721 619
 721 620
 721 621
 721 622
 721 623
 721 624
 721 625
 720 626
 720 627
 720 628
 720 629
 720 630
 720 631
 720 632
 720 633
 720 634
 720 635
 720 636
 720 637
 720 638
 720 639
 720 640
 720 641
 720 642
 720 643
 720 644
 720 645
 720 646
 720 647
 720 648
 720 649
 720 650
 720 651
 720 652
 720 653
 720 654
 720 655
 720 656
 720 657
 720 658
 720 659
 720 660
 720 661
 720 662
 720 663
 720 664
 720 665
 720 666
 719 667
 719 668
 719 669
 719 670
 719 671
 719 672
 719 673
 719 674
 719 675
 719 676
 719 677
 719 678
 719 679
 719 680
 719 681
 719 682
 719 683
 719 684
 719 685
 719 686
 719 687
 719 688
 719 689
 719 690
 719 691
 719 692
 719 693
 719 694
 719 695
 719 696
 719 697
 718 698
 718 699
 718 700
 718 701
 718 702
 718 703
 718 704
 718 705
 718 706
 718 707
 718 708
 718 709
 718 710
 718 711
 718 712
 718 713
 718 714
 718 715
 718 716
 718 717
 718 718
 718 719
 718 720
 718 721
 718 722
 718 723
 718 724
 718 725
 718 726
 718 727
 718 728
 718 729
 718 730
 718 731
 718 732
 717 733
 717 734
 717 735
 717 736
 717 737
 717 738
 717 739
 717 740
 717 741
 717 742
 717 743
 717 744
 717 745
 717 746
 717 747
 717 748
 717 749
 717 750
 717 751
 717 752
 717 753
 717 754
 717 755
 717 756
 717 757
 717 758
 717 759
 717 760
 716 761
 716 762
 716 763
 716 764
 716 765
 716 766
 716 767
 716 768
 716 769
 716 770
 716 771
 716 772
 716 773
 716 774
 716 775
 716 776
 716 777
 716 778
 716 779
 716 780
 716 781
 716 782
 716 783
 716 784
 716 785
 716 786
 716 787
 716 788
 716 789
 716 790
 716 791
 716 792
 716 793
 716 794
 716 795
 715 796
 715 797
 715 798
 715 799
 715 800
 715 801
 715 802
 715 803
 715 804
 715 805
 715 806
 715 807
 715 808
 715 809
 715 810
 715 811
 715 812
 715 813
 715 814
 715 815
 715 816
 715 817
 715 818
 715 819
 715 820
 714 821
 714 822
 714 823
 714 824
 714 825
 714 826
 714 827
 714 828
 714 829
 714 830
 714 831
 714 832
 714 833
 714 834
 714 835
 714 836
 714 837
 714 838
 714 839
 714 840
 714 841
 714 842
 714 843
 714 844
 714 845
 714 846
 714 847
 714 848
 714 849
 714 850
 714 851
 714 852
 713 853
 713 854
 713 855
 713 856
 713 857
 713 858
 713 859
 713 860
 713 861
 713 862
 713 863
 713 864
 713 865
 713 866
 713 867
 713 868
 713 869
 713 870
 713 871
 713 872
 713 873
 713 874
 713 875
 713 876
 713 877
 713 878
 713 879
 713 880
 712 881
 712 882
 712 883
 712 884
 712 885
 712 886
 712 887
 712 888
 712 889
 712 890
 712 891
 712 892
 712 893
 712 894
 712 895
 712 896
 712 897
 712 898
 712 899
 712 900
 712 901
 712 902
 712 903
 712 904
 712 905
 712 906
 712 907
 712 908
 712 909
 712 910
 712 911
 712 912
 712 913
 712 914
 712 915
 711 916
 711 917
 711 918
 711 919
 711 920
 711 921
 711 922
 711 923
 711 924
 711 925
 711 926
 711 927
 711 928
 711 929
 711 930
 711 931
 711 932
 711 933
 711 934
 711 935
 711 936
 711 937
 711 938
 711 939
 711 940
 710 941
 710 942
 710 943
 710 944
 710 945
 710 946
 710 947
 710 948
 710 949
 710 950
 710 951
 710 952
 710 953
 710 954
 710 955
 710 956
 710 957
 710 958
 710 959
 710 960
 710 961
 710 962
 710 963
 710 964
 710 965
 710 966
 710 967
 710 968
 710 969
 710 970
 710 971
 710 972
 710 973
 710 974
 709 975
 709 976
 709 977
 709 978
 709 979
 709 980
 709 981
 709 982
 709 983
 709 984
 709 985
 709 986
 709 987
 709 988
 709 989
 709 990
 709 991
 709 992
 709 993
 709 994
 709 995
 709 996
 709 997
 709 998
 709 999
 709 1000
 708 1001
 708 1002
 708 1003
 708 1004
 708 1005
 708 1006
 708 1007
 708 1008
 708 1009
 708 1010
 708 1011
 708 1012
 708 1013
 708 1014
 708 1015
 708 1016
 708 1017
 708 1018
 708 1019
 708 1020
 708 1021
 708 1022
 708 1023
 708 1024
 708 1025
 708 1026
 708 1027
 708 1028
 708 1029
 708 1030
 708 1031
 707 1032
 707 1033
 707 1034
 707 1035
 707 1036
 707 1037
 707 1038
 707 1039
 707 1040
 707 1041
 707 1042
 707 1043
 707 1044
 707 1045
 707 1046
 707 1047
 707 1048
 707 1049
 707 1050
 707 1051
 707 1052
 707 1053
 706 1054
 706 1055
 706 1056
 706 1057
 706 1058
 706 1059
 706 1060
 706 1061
 706 1062
 706 1063
 706 1064
 706 1065
 706 1066
 706 1067
 706 1068
 706 1069
 706 1070
 706 1071
 706 1072
 706 1073
 706 1074
 706 1075
 706 1076
 706 1077
 706 1078
 706 1079
 706 1080
 706 1081
 706 1082
 706 1083
 706 1084
 706 1085
 705 1086
 705 1087
 705 1088
 705 1089
 705 1090
 705 1091
 705 1092
 705 1093
 705 1094
 705 1095
 705 1096
 705 1097
 705 1098
 705 1099
 705 1100
 705 1101
 705 1102
 705 1103
 705 1104
 705 1105
 705 1106
 705 1107
 705 1108
 705 1109
 705 1110
 705 1111
 705 1112
 705 1113
 705 1114
 705 1115
 705 1116
 704 1117
 704 1118
 704 1119
 704 1120
 704 1121
 704 1122
 704 1123
 704 1124
 704 1125
 704 1126
 704 1127
 704 1128
 704 1129
 704 1130
 704 1131
 704 1132
 704 1133
 704 1134
 704 1135
 704 1136
 704 1137
 704 1138
 704 1139
 704 1140
 704 1141
 704 1142
 704 1143
 704 1144
 703 1145
 703 1146
 703 1147
 703 1148
 703 1149
 703 1150
 703 1151
 703 1152
 703 1153
 703 1154
 703 1155
 703 1156
 703 1157
 703 1158
 703 1159
 703 1160
 703 1161
 703 1162
 703 1163
 703 1164
 703 1165
 703 1166
 703 1167
 703 1168
 703 1169
 703 1170
 703 1171
 703 1172
 703 1173
 703 1174
 703 1175
 703 1176
 703 1177
 703 1178
 703 1179
 702 1180
 702 1181
 702 1182
 702 1183
 702 1184
 702 1185
 702 1186
 702 1187
 702 1188
 702 1189
 702 1190
 702 1191
 702 1192
 702 1193
 702 1194
 702 1195
 702 1196
 702 1197
 702 1198
 702 1199
 702 1200
 702 1201
 702 1202
 702 1203
 702 1204
 702 1205
 702 1206
 702 1207
 702 1208
 702 1209
 702 1210
 702 1211
 702 1212
 702 1213
 702 1214
 702 1215
 702 1216
 702 1217
 701 1218
 701 1219
 701 1220
 701 1221
 701 1222
 701 1223
 701 1224
 701 1225
 701 1226
 701 1227
 701 1228
 701 1229
 701 1230
 701 1231
 701 1232
 701 1233
 701 1234
 701 1235
 701 1236
 701 1237
 701 1238
 701 1239
 701 1240
 701 1241
 701 1242
 701 1243
 701 1244
 701 1245
 701 1246
 701 1247
 701 1248
 701 1249
 701 1250
 701 1251
 700 1252
 700 1253
 700 1254
 700 1255
 700 1256
 700 1257
 700 1258
 700 1259
 700 1260
 700 1261
 700 1262
 700 1263
 700 1264
 700 1265
 700 1266
 700 1267
 700 1268
 700 1269
 700 1270
 700 1271
 700 1272
 700 1273
 700 1274
 700 1275
 700 1276
 700 1277
 700 1278
 700 1279
 700 1280
 700 1281
 700 1282
 700 1283
 700 1284
 700 1285
 700 1286
 699 1287
 699 1288
 699 1289
 699 1290
 699 1291
 699 1292
 699 1293
 699 1294
 699 1295
 699 1296
 699 1297
 699 1298
 699 1299
 699 1300
 699 1301
 699 1302
 699 1303
 699 1304
 699 1305
 699 1306
 699 1307
 699 1308
 699 1309
 699 1310
 699 1311
 698 1312
 698 1313
 698 1314
 698 1315
 698 1316
 698 1317
 698 1318
 698 1319
 698 1320
 698 1321
 698 1322
 698 1323
 698 1324
 698 1325
 698 1326
 698 1327
 698 1328
 698 1329
 698 1330
 698 1331
 698 1332
 698 1333
 698 1334
 698 1335
 698 1336
 698 1337
 698 1338
 698 1339
 698 1340
 698 1341
 698 1342
 698 1343
 698 1344
 698 1345
 698 1346
 697 1347
 697 1348
 697 1349
 697 1350
 697 1351
 697 1352
 697 1353
 697 1354
 697 1355
 697 1356
 697 1357
 697 1358
 697 1359
 697 1360
 697 1361
 697 1362
 697 1363
 697 1364
 697 1365
 697 1366
 697 1367
 697 1368
 697 1369
 697 1370
 697 1371
 697 1372
 697 1373
 697 1374
 696 1375
 696 1376
 696 1377
 696 1378
 696 1379
 696 1380
 696 1381
 696 1382
 696 1383
 696 1384
 696 1385
 696 1386
 696 1387
 696 1388
 696 1389
 696 1390
 696 1391
 696 1392
 696 1393
 696 1394
 696 1395
 696 1396
 696 1397
 696 1398
 696 1399
 696 1400
 696 1401
 696 1402
 696 1403
 696 1404
 696 1405
 696 1406
 696 1407
 696 1408
 696 1409
 696 1410
 696 1411
 696 1412
 696 1413
 696 1414
 696 1415
 695 1416
 695 1417
 695 1418
 695 1419
 695 1420
 695 1421
 695 1422
 695 1423
 695 1424
 695 1425
 695 1426
 695 1427
 695 1428
 695 1429
 695 1430
 695 1431
 695 1432
 695 1433
 695 1434
 695 1435
 695 1436
 695 1437
 695 1438
 695 1439
 695 1440
 695 1441
 695 1442
 695 1443
 695 1444
 694 1445
 694 1446
 694 1447
 694 1448
 694 1449
 694 1450
 694 1451
 694 1452
 694 1453
 694 1454
 694 1455
 694 1456
 694 1457
 694 1458
 694 1459
 694 1460
 694 1461
 694 1462
 694 1463
 694 1464
 694 1465
 694 1466
 694 1467
 694 1468
 694 1469
 694 1470
 694 1471
 694 1472
 694 1473
 694 1474
 694 1475
 694 1476
 694 1477
 694 1478
 694 1479
 694 1480
 694 1481
 694 1482
 694 1483
 694 1484
 693 1485
 693 1486
 693 1487
 693 1488
 693 1489
 693 1490
 693 1491
 693 1492
 693 1493
 693 1494
 693 1495
 693 1496
 693 1497
 693 1498
 693 1499
 693 1500
 693 1501
 693 1502
 693 1503
 693 1504
 693 1505
 693 1506
 693 1507
 693 1508
 693 1509
 693 1510
 693 1511
 693 1512
 693 1513
 693 1514
 693 1515
 693 1516
 692 1517
 692 1518
 692 1519
 692 1520
 692 1521
 692 1522
 692 1523
 692 1524
 692 1525
 692 1526
 692 1527
 692 1528
 692 1529
 692 1530
 692 1531
 692 1532
 692 1533
 692 1534
 692 1535
 692 1536
 692 1537
 692 1538
 692 1539
 692 1540
 692 1541
 692 1542
 692 1543
 692 1544
 692 1545
 692 1546
 692 1547
 692 1548
 692 1549
 692 1550
 692 1551
 691 1552
 691 1553
 691 1554
 691 1555
 691 1556
 691 1557
 691 1558
 691 1559
 691 1560
 691 1561
 691 1562
 691 1563
 691 1564
 691 1565
 691 1566
 691 1567
 691 1568
 691 1569
 691 1570
 691 1571
 691 1572
 691 1573
 691 1574
 691 1575
 691 1576
 691 1577
 691 1578
 691 1579
 691 1580
 691 1581
 691 1582
 690 1583
 690 1584
 690 1585
 690 1586
 690 1587
 690 1588
 690 1589
 690 1590
 690 1591
 690 1592
 690 1593
 690 1594
 690 1595
 690 1596
 690 1597
 690 1598
 690 1599
 690 1600
 690 1601
 690 1602
 690 1603
 690 1604
 690 1605
 690 1606
 690 1607
 690 1608
 690 1609
 690 1610
 690 1611
 690 1612
 690 1613
 690 1614
 689 1615
 689 1616
 689 1617
 689 1618
 689 1619
 689 1620
 689 1621
 689 1622
 689 1623
 689 1624
 689 1625
 689 1626
 689 1627
 689 1628
 689 1629
 689 1630
 689 1631
 689 1632
 689 1633
 689 1634
 689 1635
 689 1636
 689 1637
 689 1638
 689 1639
 689 1640
 689 1641
 689 1642
 689 1643
 689 1644
 689 1645
 689 1646
 689 1647
 689 1648
 688 1649
 688 1650
 688 1651
 688 1652
 688 1653
 688 1654
 688 1655
 688 1656
 688 1657
 688 1658
 688 1659
 688 1660
 688 1661
 688 1662
 688 1663
 688 1664
 688 1665
 688 1666
 688 1667
 688 1668
 688 1669
 688 1670
 688 1671
 688 1672
 688 1673
 688 1674
 688 1675
 688 1676
 688 1677
 688 1678
 688 1679
 688 1680
 688 1681
 688 1682
 688 1683
 687 1684
 687 1685
 687 1686
 687 1687
 687 1688
 687 1689
 687 1690
 687 1691
 687 1692
 687 1693
 687 1694
 687 1695
 687 1696
 687 1697
 687 1698
 687 1699
 687 1700
 687 1701
 687 1702
 687 1703
 687 1704
 687 1705
 687 1706
 687 1707
 687 1708
 687 1709
 687 1710
 687 1711
 686 1712
 686 1713
 686 1714
 686 1715
 686 1716
 686 1717
 686 1718
 686 1719
 686 1720
 686 1721
 686 1722
 686 1723
 686 1724
 686 1725
 686 1726
 686 1727
 686 1728
 686 1729
 686 1730
 686 1731
 686 1732
 686 1733
 686 1734
 686 1735
 686 1736
 686 1737
 686 1738
 686 1739
 686 1740
 686 1741
 686 1742
 686 1743
 686 1744
 686 1745
 686 1746
 685 1747
 685 1748
 685 1749
 685 1750
 685 1751
 685 1752
 685 1753
 685 1754
 685 1755
 685 1756
 685 1757
 685 1758
 685 1759
 685 1760
 685 1761
 685 1762
 685 1763
 685 1764
 685 1765
 685 1766
 685 1767
 685 1768
 685 1769
 685 1770
 685 1771
 685 1772
 685 1773
 685 1774
 685 1775
 685 1776
 685 1777
 684 1778
 684 1779
 684 1780
 684 1781
 684 1782
 684 1783
 684 1784
 684 1785
 684 1786
 684 1787
 684 1788
 684 1789
 684 1790
 684 1791
 684 1792
 684 1793
 684 1794
 684 1795
 684 1796
 684 1797
 684 1798
 684 1799
 684 1800
 684 1801
 684 1802
 684 1803
 684 1804
 684 1805
 684 1806
 684 1807
 684 1808
 684 1809
 683 1810
 683 1811
 683 1812
 683 1813
 683 1814
 683 1815
 683 1816
 683 1817
 683 1818
 683 1819
 683 1820
 683 1821
 683 1822
 683 1823
 683 1824
 683 1825
 683 1826
 683 1827
 683 1828
 683 1829
 683 1830
 683 1831
 683 1832
 683 1833
 683 1834
 683 1835
 683 1836
 683 1837
 682 1838
 682 1839
 682 1840
 682 1841
 682 1842
 682 1843
 682 1844
 682 1845
 682 1846
 682 1847
 682 1848
 682 1849
 682 1850
 682 1851
 682 1852
 682 1853
 682 1854
 682 1855
 682 1856
 682 1857
 682 1858
 682 1859
 682 1860
 682 1861
 682 1862
 682 1863
 682 1864
 682 1865
 682 1866
 681 1867
 681 1868
 681 1869
 681 1870
 681 1871
 681 1872
 681 1873
 681 1874
 681 1875
 681 1876
 681 1877
 681 1878
 681 1879
 681 1880
 681 1881
 681 1882
 681 1883
 681 1884
 681 1885
 681 1886
 681 1887
 681 1888
 681 1889
 681 1890
 681 1891
 681 1892
 681 1893
 681 1894
 681 1895
 681 1896
 681 1897
 680 1898
 680 1899
 680 1900
 680 1901
 680 1902
 680 1903
 680 1904
 680 1905
 680 1906
 680 1907
 680 1908
 680 1909
 680 1910
 680 1911
 680 1912
 680 1913
 680 1914
 680 1915
 680 1916
 680 1917
 680 1918
 680 1919
 680 1920
 680 1921
 680 1922
 680 1923
 680 1924
 680 1925
 679 1926
 679 1927
 679 1928
 679 1929
 679 1930
 679 1931
 679 1932
 679 1933
 679 1934
 679 1935
 679 1936
 679 1937
 679 1938
 679 1939
 679 1940
 679 1941
 679 1942
 679 1943
 679 1944
 679 1945
 679 1946
 679 1947
 678 1948
 678 1949
 678 1950
 678 1951
 678 1952
 678 1953
 678 1954
 678 1955
 678 1956
 678 1957
 678 1958
 678 1959
 678 1960
 678 1961
 678 1962
 678 1963
 678 1964
 678 1965
 678 1966
 678 1967
 678 1968
 678 1969
 678 1970
 678 1971
 678 1972
 678 1973
 678 1974
 678 1975
 678 1976
 678 1977
 678 1978
 678 1979
 677 1980
 677 1981
 677 1982
 677 1983
 677 1984
 677 1985
 677 1986
 677 1987
 677 1988
 677 1989
 677 1990
 677 1991
 677 1992
 677 1993
 677 1994
 677 1995
 677 1996
 677 1997
 677 1998
 677 1999
 677 2000
 677 2001
 677 2002
 677 2003
 677 2004
 676 2005
 676 2006
 676 2007
 676 2008
 676 2009
 676 2010
 676 2011
 676 2012
 676 2013
 676 2014
 676 2015
 676 2016
 676 2017
 676 2018
 676 2019
 676 2020
 676 2021
 676 2022
 676 2023
 676 2024
 676 2025
 676 2026
 676 2027
 676 2028
 676 2029
 675 2030
 675 2031
 675 2032
 675 2033
 675 2034
 675 2035
 675 2036
 675 2037
 675 2038
 675 2039
 675 2040
 675 2041
 675 2042
 675 2043
 675 2044
 675 2045
 675 2046
 675 2047
 675 2048
 675 2049
 675 2050
 675 2051
 674 2052
 674 2053
 674 2054
 674 2055
 674 2056
 674 2057
 674 2058
 674 2059
 674 2060
 674 2061
 674 2062
 674 2063
 674 2064
 674 2065
 674 2066
 674 2067
 674 2068
 674 2069
 674 2070
 674 2071
 674 2072
 674 2073
 674 2074
 674 2075
 674 2076
 673 2077
 673 2078
 673 2079
 673 2080
 673 2081
 673 2082
 673 2083
 673 2084
 673 2085
 673 2086
 673 2087
 673 2088
 673 2089
 673 2090
 673 2091
 673 2092
 673 2093
 673 2094
 673 2095
 673 2096
 673 2097
 673 2098
 673 2099
 672 2100
 672 2101
 672 2102
 672 2103
 672 2104
 672 2105
 672 2106
 672 2107
 672 2108
 672 2109
 672 2110
 672 2111
 672 2112
 672 2113
 672 2114
 672 2115
 672 2116
 672 2117
 672 2118
 672 2119
 672 2120
 672 2121
 672 2122
 672 2123
 672 2124
 671 2125
 671 2126
 671 2127
 671 2128
 671 2129
 671 2130
 671 2131
 671 2132
 671 2133
 671 2134
 671 2135
 671 2136
 671 2137
 671 2138
 671 2139
 671 2140
 671 2141
 671 2142
 671 2143
 671 2144
 671 2145
 671 2146
 671 2147
 671 2148
 671 2149
 670 2150
 670 2151
 670 2152
 670 2153
 670 2154
 670 2155
 670 2156
 670 2157
 670 2158
 670 2159
 670 2160
 670 2161
 670 2162
 670 2163
 670 2164
 670 2165
 670 2166
 670 2167
 670 2168
 670 2169
 670 2170
 670 2171
 670 2172
 670 2173
 670 2174
 670 2175
 670 2176
 670 2177
 669 2178
 669 2179
 669 2180
 669 2181
 669 2182
 669 2183
 669 2184
 669 2185
 669 2186
 669 2187
 669 2188
 669 2189
 669 2190
 669 2191
 669 2192
 669 2193
 669 2194
 669 2195
 669 2196
 669 2197
 669 2198
 669 2199
 668 2200
 668 2201
 668 2202
 668 2203
 668 2204
 668 2205
 668 2206
 668 2207
 668 2208
 668 2209
 668 2210
 668 2211
 668 2212
 668 2213
 668 2214
 668 2215
 668 2216
 668 2217
 668 2218
 668 2219
 668 2220
 668 2221
 668 2222
 668 2223
 668 2224
 667 2225
 667 2226
 667 2227
 667 2228
 667 2229
 667 2230
 667 2231
 667 2232
 667 2233
 667 2234
 667 2235
 667 2236
 667 2237
 667 2238
 667 2239
 667 2240
 667 2241
 667 2242
 667 2243
 667 2244
 667 2245
 667 2246
 667 2247
 666 2248
 666 2249
 666 2250
 666 2251
 666 2252
 666 2253
 666 2254
 666 2255
 666 2256
 666 2257
 666 2258
 666 2259
 666 2260
 666 2261
 666 2262
 666 2263
 666 2264
 666 2265
 666 2266
 666 2267
 666 2268
 666 2269
 665 2270
 665 2271
 665 2272
 665 2273
 665 2274
 665 2275
 665 2276
 665 2277
 665 2278
 665 2279
 665 2280
 665 2281
 665 2282
 665 2283
 665 2284
 665 2285
 665 2286
 665 2287
 665 2288
 665 2289
 665 2290
 665 2291
 665 2292
 665 2293
 665 2294
 664 2295
 664 2296
 664 2297
 664 2298
 664 2299
 664 2300
 664 2301
 664 2302
 664 2303
 664 2304
 664 2305
 664 2306
 664 2307
 664 2308
 664 2309
 664 2310
 664 2311
 664 2312
 664 2313
 663 2314
 663 2315
 663 2316
 663 2317
 663 2318
 663 2319
 663 2320
 663 2321
 663 2322
 663 2323
 663 2324
 663 2325
 663 2326
 663 2327
 663 2328
 663 2329
 663 2330
 663 2331
 663 2332
 663 2333
 663 2334
 663 2335
 663 2336
 663 2337
 663 2338
 663 2339
 663 2340
 663 2341
 662 2342
 662 2343
 662 2344
 662 2345
 662 2346
 662 2347
 662 2348
 662 2349
 662 2350
 662 2351
 662 2352
 662 2353
 662 2354
 662 2355
 662 2356
 662 2357
 662 2358
 662 2359
 662 2360
 662 2361
 662 2362
 662 2363
 661 2364
 661 2365
 661 2366
 661 2367
 661 2368
 661 2369
 661 2370
 661 2371
 661 2372
 661 2373
 661 2374
 661 2375
 661 2376
 661 2377
 661 2378
 661 2379
 661 2380
 661 2381
 661 2382
 661 2383
 661 2384
 661 2385
 661 2386
 661 2387
 661 2388
 660 2389
 660 2390
 660 2391
 660 2392
 660 2393
 660 2394
 660 2395
 660 2396
 660 2397
 660 2398
 660 2399
 660 2400
 660 2401
 660 2402
 660 2403
 660 2404
 660 2405
 660 2406
 660 2407
 660 2408
 660 2409
 660 2410
 660 2411
 660 2412
 660 2413
 659 2414
 659 2415
 659 2416
 659 2417
 659 2418
 659 2419
 659 2420
 659 2421
 659 2422
 659 2423
 659 2424
 659 2425
 659 2426
 659 2427
 659 2428
 659 2429
 659 2430
 659 2431
 659 2432
 659 2433
 659 2434
 659 2435
 659 2436
 659 2437
 659 2438
 659 2439
 658 2440
 658 2441
 658 2442
 658 2443
 658 2444
 658 2445
 658 2446
 658 2447
 658 2448
 658 2449
 658 2450
 658 2451
 658 2452
 658 2453
 658 2454
 658 2455
 658 2456
 658 2457
 658 2458
 658 2459
 658 2460
 658 2461
 658 2462
 658 2463
 658 2464
 657 2465
 657 2466
 657 2467
 657 2468
 657 2469
 657 2470
 657 2471
 657 2472
 657 2473
 657 2474
 657 2475
 657 2476
 657 2477
 657 2478
 657 2479
 657 2480
 657 2481
 657 2482
 657 2483
 657 2484
 657 2485
 657 2486
 657 2487
 657 2488
 657 2489
 656 2490
 656 2491
 656 2492
 656 2493
 656 2494
 656 2495
 656 2496
 656 2497
 656 2498
 656 2499
 656 2500
 656 2501
 656 2502
 656 2503
 656 2504
 656 2505
 656 2506
 656 2507
 656 2508
 656 2509
 656 2510
 656 2511
 656 2512
 656 2513
 656 2514
 656 2515
 656 2516
 656 2517
 655 2518
 655 2519
 655 2520
 655 2521
 655 2522
 655 2523
 655 2524
 655 2525
 655 2526
 655 2527
 655 2528
 655 2529
 655 2530
 655 2531
 655 2532
 655 2533
 655 2534
 655 2535
 655 2536
 655 2537
 655 2538
 655 2539
 655 2540
 655 2541
 655 2542
 655 2543
 654 2544
 654 2545
 654 2546
 654 2547
 654 2548
 654 2549
 654 2550
 654 2551
 654 2552
 654 2553
 654 2554
 654 2555
 654 2556
 654 2557
 654 2558
 654 2559
 654 2560
 654 2561
 654 2562
 654 2563
 654 2564
 654 2565
 654 2566
 654 2567
 654 2568
 654 2569
 654 2570
 654 2571
 654 2572
 654 2573
 654 2574
 654 2575
 654 2576
 654 2577
 653 2578
 653 2579
 653 2580
 653 2581
 653 2582
 653 2583
 653 2584
 653 2585
 653 2586
 653 2587
 653 2588
 653 2589
 653 2590
 653 2591
 653 2592
 653 2593
 653 2594
 653 2595
 653 2596
 653 2597
 653 2598
 653 2599
 653 2600
 653 2601
 653 2602
 653 2603
 653 2604
 653 2605
 653 2606
 652 2607
 652 2608
 652 2609
 652 2610
 652 2611
 652 2612
 652 2613
 652 2614
 652 2615
 652 2616
 652 2617
 652 2618
 652 2619
 652 2620
 652 2621
 652 2622
 652 2623
 652 2624
 652 2625
 652 2626
 652 2627
 652 2628
 652 2629
 652 2630
 652 2631
 652 2632
 652 2633
 652 2634
 651 2635
 651 2636
 651 2637
 651 2638
 651 2639
 651 2640
 651 2641
 651 2642
 651 2643
 651 2644
 651 2645
 651 2646
 651 2647
 651 2648
 651 2649
 651 2650
 651 2651
 651 2652
 651 2653
 651 2654
 651 2655
 651 2656
 651 2657
 651 2658
 651 2659
 651 2660
 651 2661
 651 2662
 650 2663
 650 2664
 650 2665
 650 2666
 650 2667
 650 2668
 650 2669
 650 2670
 650 2671
 650 2672
 650 2673
 650 2674
 650 2675
 650 2676
 650 2677
 650 2678
 650 2679
 650 2680
 650 2681
 650 2682
 650 2683
 650 2684
 650 2685
 650 2686
 650 2687
 650 2688
 650 2689
 650 2690
 650 2691
 650 2692
 650 2693
 650 2694
 650 2695
 650 2696
 650 2697
 649 2698
 649 2699
 649 2700
 649 2701
 649 2702
 649 2703
 649 2704
 649 2705
 649 2706
 649 2707
 649 2708
 649 2709
 649 2710
 649 2711
 649 2712
 649 2713
 649 2714
 649 2715
 649 2716
 649 2717
 649 2718
 649 2719
 649 2720
 649 2721
 649 2722
 649 2723
 649 2724
 649 2725
 649 2726
 649 2727
 649 2728
 648 2729
 648 2730
 648 2731
 648 2732
 648 2733
 648 2734
 648 2735
 648 2736
 648 2737
 648 2738
 648 2739
 648 2740
 648 2741
 648 2742
 648 2743
 648 2744
 648 2745
 648 2746
 648 2747
 648 2748
 648 2749
 648 2750
 648 2751
 648 2752
 648 2753
 648 2754
 648 2755
 648 2756
 648 2757
 648 2758
 648 2759
 648 2760
 648 2761
 648 2762
 648 2763
 648 2764
 648 2765
 648 2766
 647 2767
 647 2768
 647 2769
 647 2770
 647 2771
 647 2772
 647 2773
 647 2774
 647 2775
 647 2776
 647 2777
 647 2778
 647 2779
 647 2780
 647 2781
 647 2782
 647 2783
 647 2784
 647 2785
 647 2786
 647 2787
 647 2788
 647 2789
 647 2790
 647 2791
 647 2792
 647 2793
 647 2794
 647 2795
 647 2796
 647 2797
 647 2798
 647 2799
 647 2800
 647 2801
 646 2802
 646 2803
 646 2804
 646 2805
 646 2806
 646 2807
 646 2808
 646 2809
 646 2810
 646 2811
 646 2812
 646 2813
 646 2814
 646 2815
 646 2816
 646 2817
 646 2818
 646 2819
 646 2820
 646 2821
 646 2822
 646 2823
 646 2824
 646 2825
 646 2826
 646 2827
 646 2828
 646 2829
 646 2830
 646 2831
 646 2832
 646 2833
 646 2834
 646 2835
 646 2836
 646 2837
 646 2838
 646 2839
 645 2840
 645 2841
 645 2842
 645 2843
 645 2844
 645 2845
 645 2846
 645 2847
 645 2848
 645 2849
 645 2850
 645 2851
 645 2852
 645 2853
 645 2854
 645 2855
 645 2856
 645 2857
 645 2858
 645 2859
 645 2860
 645 2861
 645 2862
 645 2863
 645 2864
 645 2865
 645 2866
 645 2867
 645 2868
 645 2869
 645 2870
 645 2871
 645 2872
 645 2873
 645 2874
 645 2875
 645 2876
 644 2877
 644 2878
 644 2879
 644 2880
 644 2881
 644 2882
 644 2883
 644 2884
 644 2885
 644 2886
 644 2887
 644 2888
 644 2889
 644 2890
 644 2891
 644 2892
 644 2893
 644 2894
 644 2895
 644 2896
 644 2897
 644 2898
 644 2899
 644 2900
 644 2901
 644 2902
 644 2903
 644 2904
 644 2905
 644 2906
 644 2907
 644 2908
 644 2909
 644 2910
 644 2911
 644 2912
 644 2913
 644 2914
 643 2915
 643 2916
 643 2917
 643 2918
 643 2919
 643 2920
 643 2921
 643 2922
 643 2923
 643 2924
 643 2925
 643 2926
 643 2927
 643 2928
 643 2929
 643 2930
 643 2931
 643 2932
 643 2933
 643 2934
 643 2935
 643 2936
 643 2937
 643 2938
 643 2939
 643 2940
 643 2941
 643 2942
 643 2943
 643 2944
 643 2945
 643 2946
 643 2947
 643 2948
 643 2949
 642 2950
 642 2951
 642 2952
 642 2953
 642 2954
 642 2955
 642 2956
 642 2957
 642 2958
 642 2959
 642 2960
 642 2961
 642 2962
 642 2963
 642 2964
 642 2965
 642 2966
 642 2967
 642 2968
 642 2969
 642 2970
 642 2971
 642 2972
 642 2973
 642 2974
 642 2975
 642 2976
 642 2977
 642 2978
 642 2979
 642 2980
 642 2981
 642 2982
 642 2983
 642 2984
 642 2985
 642 2986
 642 2987
 642 2988
 642 2989
 642 2990
 641 2991
 641 2992
 641 2993
 641 2994
 641 2995
 641 2996
 641 2997
 641 2998
 641 2999
 641 3000
 641 3001
 641 3002
 641 3003
 641 3004
 641 3005
 641 3006
 641 3007
 641 3008
 641 3009
 641 3010
 641 3011
 641 3012
 641 3013
 641 3014
 641 3015
 641 3016
 641 3017
 641 3018
 641 3019
 641 3020
 641 3021
 641 3022
 641 3023
 641 3024
 640 3025
 640 3026
 640 3027
 640 3028
 640 3029
 640 3030
 640 3031
 640 3032
 640 3033
 640 3034
 640 3035
 640 3036
 640 3037
 640 3038
 640 3039
 640 3040
 640 3041
 640 3042
 640 3043
 640 3044
 640 3045
 640 3046
 640 3047
 640 3048
 640 3049
 640 3050
 640 3051
 640 3052
 640 3053
 640 3054
 640 3055
 640 3056
 640 3057
 640 3058
 640 3059
 640 3060
 640 3061
 640 3062
 640 3063
 640 3064
 640 3065
 639 3066
 639 3067
 639 3068
 639 3069
 639 3070
 639 3071
 639 3072
 639 3073
 639 3074
 639 3075
 639 3076
 639 3077
 639 3078
 639 3079
 639 3080
 639 3081
 639 3082
 639 3083
 639 3084
 639 3085
 639 3086
 639 3087
 639 3088
 639 3089
 639 3090
 639 3091
 639 3092
 639 3093
 639 3094
 639 3095
 639 3096
 639 3097
 639 3098
 639 3099
 639 3100
 639 3101
 639 3102
 639 3103
 639 3104
 639 3105
 639 3106
 639 3107
 639 3108
 639 3109
 638 3110
 638 3111
 638 3112
 638 3113
 638 3114
 638 3115
 638 3116
 638 3117
 638 3118
 638 3119
 638 3120
 638 3121
 638 3122
 638 3123
 638 3124
 638 3125
 638 3126
 638 3127
 638 3128
 638 3129
 638 3130
 638 3131
 638 3132
 638 3133
 638 3134
 638 3135
 638 3136
 638 3137
 638 3138
 638 3139
 638 3140
 638 3141
 638 3142
 638 3143
 638 3144
 638 3145
 638 3146
 638 3147
 638 3148
 638 3149
 638 3150
 638 3151
 638 3152
 638 3153
 637 3154
 637 3155
 637 3156
 637 3157
 637 3158
 637 3159
 637 3160
 637 3161
 637 3162
 637 3163
 637 3164
 637 3165
 637 3166
 637 3167
 637 3168
 637 3169
 637 3170
 637 3171
 637 3172
 637 3173
 637 3174
 637 3175
 637 3176
 637 3177
 637 3178
 637 3179
 637 3180
 637 3181
 637 3182
 637 3183
 637 3184
 637 3185
 637 3186
 637 3187
 637 3188
 637 3189
 637 3190
 637 3191
 636 3192
 636 3193
 636 3194
 636 3195
 636 3196
 636 3197
 636 3198
 636 3199
 636 3200
 636 3201
 636 3202
 636 3203
 636 3204
 636 3205
 636 3206
 636 3207
 636 3208
 636 3209
 636 3210
 636 3211
 636 3212
 636 3213
 636 3214
 636 3215
 636 3216
 636 3217
 636 3218
 636 3219
 636 3220
 636 3221
 636 3222
 636 3223
 635 3224
 635 3225
 635 3226
 635 3227
 635 3228
 635 3229
 635 3230
 635 3231
 635 3232
 635 3233
 635 3234
 635 3235
 635 3236
 635 3237
 635 3238
 635 3239
 635 3240
 635 3241
 635 3242
 635 3243
 635 3244
 635 3245
 635 3246
 635 3247
 635 3248
 635 3249
 635 3250
 635 3251
 635 3252
 635 3253
 635 3254
 635 3255
 635 3256
 635 3257
 634 3258
 634 3259
 634 3260
 634 3261
 634 3262
 634 3263
 634 3264
 634 3265
 634 3266
 634 3267
 634 3268
 634 3269
 634 3270
 634 3271
 634 3272
 634 3273
 634 3274
 634 3275
 634 3276
 634 3277
 634 3278
 634 3279
 634 3280
 634 3281
 634 3282
 634 3283
 634 3284
 634 3285
 634 3286
 634 3287
 634 3288
 634 3289
 634 3290
 634 3291
 634 3292
 633 3293
 633 3294
 633 3295
 633 3296
 633 3297
 633 3298
 633 3299
 633 3300
 633 3301
 633 3302
 633 3303
 633 3304
 633 3305
 633 3306
 633 3307
 633 3308
 633 3309
 633 3310
 633 3311
 633 3312
 633 3313
 633 3314
 633 3315
 633 3316
 633 3317
 633 3318
 633 3319
 633 3320
 633 3321
 633 3322
 633 3323
 632 3324
 632 3325
 632 3326
 632 3327
 632 3328
 632 3329
 632 3330
 632 3331
 632 3332
 632 3333
 632 3334
 632 3335
 632 3336
 632 3337
 632 3338
 632 3339
 632 3340
 632 3341
 632 3342
 632 3343
 632 3344
 632 3345
 632 3346
 632 3347
 632 3348
 632 3349
 632 3350
 632 3351
 632 3352
 632 3353
 632 3354
 632 3355
 631 3356
 631 3357
 631 3358
 631 3359
 631 3360
 631 3361
 631 3362
 631 3363
 631 3364
 631 3365
 631 3366
 631 3367
 631 3368
 631 3369
 631 3370
 631 3371
 631 3372
 631 3373
 631 3374
 631 3375
 631 3376
 631 3377
 631 3378
 631 3379
 631 3380
 631 3381
 631 3382
 631 3383
 631 3384
 631 3385
 631 3386
 630 3387
 630 3388
 630 3389
 630 3390
 630 3391
 630 3392
 630 3393
 630 3394
 630 3395
 630 3396
 630 3397
 630 3398
 630 3399
 630 3400
 630 3401
 630 3402
 630 3403
 630 3404
 630 3405
 630 3406
 630 3407
 630 3408
 630 3409
 630 3410
 630 3411
 630 3412
 630 3413
 630 3414
 630 3415
 630 3416
 630 3417
 630 3418
 630 3419
 630 3420
 630 3421
 630 3422
 630 3423
 630 3424
 630 3425
 630 3426
 630 3427
 629 3428
 629 3429
 629 3430
 629 3431
 629 3432
 629 3433
 629 3434
 629 3435
 629 3436
 629 3437
 629 3438
 629 3439
 629 3440
 629 3441
 629 3442
 629 3443
 629 3444
 629 3445
 629 3446
 629 3447
 629 3448
 629 3449
 629 3450
 629 3451
 629 3452
 629 3453
 629 3454
 629 3455
 629 3456
 628 3457
 628 3458
 628 3459
 628 3460
 628 3461
 628 3462
 628 3463
 628 3464
 628 3465
 628 3466
 628 3467
 628 3468
 628 3469
 628 3470
 628 3471
 628 3472
 628 3473
 628 3474
 628 3475
 628 3476
 628 3477
 628 3478
 628 3479
 628 3480
 628 3481
 628 3482
 628 3483
 628 3484
 627 3485
 627 3486
 627 3487
 627 3488
 627 3489
 627 3490
 627 3491
 627 3492
 627 3493
 627 3494
 627 3495
 627 3496
 627 3497
 627 3498
 627 3499
 627 3500
 627 3501
 627 3502
 627 3503
 627 3504
 627 3505
 627 3506
 627 3507
 627 3508
 627 3509
 626 3510
 626 3511
 626 3512
 626 3513
 626 3514
 626 3515
 626 3516
 626 3517
 626 3518
 626 3519
 626 3520
 626 3521
 626 3522
 626 3523
 626 3524
 626 3525
 626 3526
 626 3527
 626 3528
 626 3529
 626 3530
 626 3531
 626 3532
 626 3533
 626 3534
 626 3535
 626 3536
 626 3537
 626 3538
 625 3539
 625 3540
 625 3541
 625 3542
 625 3543
 625 3544
 625 3545
 625 3546
 625 3547
 625 3548
 625 3549
 625 3550
 625 3551
 625 3552
 625 3553
 625 3554
 625 3555
 625 3556
 625 3557
 625 3558
 625 3559
 625 3560
 625 3561
 625 3562
 625 3563
 625 3564
 625 3565
 625 3566
 624 3567
 624 3568
 624 3569
 624 3570
 624 3571
 624 3572
 624 3573
 624 3574
 624 3575
 624 3576
 624 3577
 624 3578
 624 3579
 624 3580
 624 3581
 624 3582
 624 3583
 624 3584
 624 3585
 624 3586
 624 3587
 624 3588
 624 3589
 624 3590
 624 3591
 623 3592
 623 3593
 623 3594
 623 3595
 623 3596
 623 3597
 623 3598
 623 3599
 623 3600
 623 3601
 623 3602
 623 3603
 623 3604
 623 3605
 623 3606
 623 3607
 623 3608
 623 3609
 623 3610
 623 3611
 623 3612
 623 3613
 623 3614
 623 3615
 623 3616
 623 3617
 623 3618
 623 3619
 622 3620
 622 3621
 622 3622
 622 3623
 622 3624
 622 3625
 622 3626
 622 3627
 622 3628
 622 3629
 622 3630
 622 3631
 622 3632
 622 3633
 622 3634
 622 3635
 622 3636
 622 3637
 622 3638
 622 3639
 622 3640
 622 3641
 622 3642
 622 3643
 622 3644
 622 3645
 622 3646
 622 3647
 622 3648
 621 3649
 621 3650
 621 3651
 621 3652
 621 3653
 621 3654
 621 3655
 621 3656
 621 3657
 621 3658
 621 3659
 621 3660
 621 3661
 621 3662
 621 3663
 621 3664
 621 3665
 621 3666
 621 3667
 621 3668
 621 3669
 621 3670
 620 3671
 620 3672
 620 3673
 620 3674
 620 3675
 620 3676
 620 3677
 620 3678
 620 3679
 620 3680
 620 3681
 620 3682
 620 3683
 620 3684
 620 3685
 620 3686
 620 3687
 620 3688
 620 3689
 620 3690
 620 3691
 620 3692
 620 3693
 620 3694
 620 3695
 620 3696
 620 3697
 620 3698
 619 3699
 619 3700
 619 3701
 619 3702
 619 3703
 619 3704
 619 3705
 619 3706
 619 3707
 619 3708
 619 3709
 619 3710
 619 3711
 619 3712
 619 3713
 619 3714
 619 3715
 619 3716
 619 3717
 619 3718
 619 3719
 619 3720
 618 3721
 618 3722
 618 3723
 618 3724
 618 3725
 618 3726
 618 3727
 618 3728
 618 3729
 618 3730
 618 3731
 618 3732
 618 3733
 618 3734
 618 3735
 618 3736
 618 3737
 618 3738
 618 3739
 618 3740
 618 3741
 618 3742
 617 3743
 617 3744
 617 3745
 617 3746
 617 3747
 617 3748
 617 3749
 617 3750
 617 3751
 617 3752
 617 3753
 617 3754
 617 3755
 617 3756
 617 3757
 617 3758
 617 3759
 617 3760
 617 3761
 616 3762
 616 3763
 616 3764
 616 3765
 616 3766
 616 3767
 616 3768
 616 3769
 616 3770
 616 3771
 616 3772
 616 3773
 616 3774
 616 3775
 616 3776
 616 3777
 616 3778
 616 3779
 616 3780
 616 3781
 616 3782
 616 3783
 615 3784
 615 3785
 615 3786
 615 3787
 615 3788
 615 3789
 615 3790
 615 3791
 615 3792
 615 3793
 615 3794
 615 3795
 615 3796
 615 3797
 615 3798
 615 3799
 615 3800
 615 3801
 615 3802
 615 3803
 615 3804
 615 3805
 614 3806
 614 3807
 614 3808
 614 3809
 614 3810
 614 3811
 614 3812
 614 3813
 614 3814
 614 3815
 614 3816
 614 3817
 614 3818
 613 3819
 613 3820
 613 3821
 613 3822
 613 3823
 613 3824
 613 3825
 613 3826
 613 3827
 613 3828
 613 3829
 613 3830
 613 3831
 613 3832
 613 3833
 613 3834
 613 3835
 613 3836
 613 3837
 612 3838
 612 3839
 612 3840
 612 3841
 612 3842
 612 3843
 612 3844
 612 3845
 612 3846
 612 3847
 612 3848
 612 3849
 611 3850
 611 3851
 611 3852
 611 3853
 611 3854
 611 3855
 611 3856
 611 3857
 611 3858
 611 3859
 611 3860
 611 3861
 611 3862
 611 3863
 611 3864
 611 3865
 610 3866
 610 3867
 610 3868
 610 3869
 610 3870
 610 3871
 610 3872
 610 3873
 610 3874
 610 3875
 610 3876
 610 3877
 610 3878
 609 3879
 609 3880
 609 3881
 609 3882
 609 3883
 609 3884
 609 3885
 609 3886
 609 3887
 608 3888
 608 3889
 608 3890
 608 3891
 608 3892
 608 3893
 608 3894
 608 3895
 608 3896
 608 3897
 608 3898
 608 3899
 608 3900
 607 3901
 607 3902
 607 3903
 607 3904
 607 3905
 607 3906
 607 3907
 607 3908
 607 3909
 607 3910
 607 3911
 607 3912
 606 3913
 606 3914
 606 3915
 606 3916
 606 3917
 606 3918
 606 3919
 606 3920
 606 3921
 606 3922
 605 3923
 605 3924
 605 3925
 605 3926
 605 3927
 605 3928
 604 3929
 604 3930
 604 3931
 604 3932
 604 3933
 604 3934
 604 3935
 604 3936
 604 3937
 603 3938
 603 3939
 603 3940
 603 3941
 603 3942
 603 3943
 603 3944
 602 3945
 602 3946
 602 3947
 602 3948
 602 3949
 602 3950
 601 3951
 601 3952
 601 3953
 601 3954
 601 3955
 601 3956
 600 3957
 600 3958
 600 3959
 600 3960
 600 3961
 600 3962
 600 3963
 599 3964
 599 3965
 599 3966
 599 3967
 599 3968
 599 3969
 598 3970
 598 3971
 598 3972
 598 3973
 598 3974
 598 3975
 597 3976
 597 3977
 597 3978
 596 3979
 596 3980
 596 3981
 596 3982
 596 3983
 596 3984
 596 3985
 595 3986
 595 3987
 595 3988
 594 3989
 594 3990
 594 3991
 593 3992
 593 3993
 593 3994
 593 3995
 593 3996
 593 3997
 592 3998
 592 3999
 592 4000
 591 4001
 591 4002
 591 4003
 591 4004
 590 4005
 590 4006
 590 4007
 590 4008
 590 4009
 590 4010
 589 4011
 589 4012
 589 4013
 588 4014
 588 4015
 588 4016
 587 4017
 587 4018
 587 4019
 586 4020
 586 4021
 586 4022
 586 4023
 585 4024
 585 4025
 585 4026
 584 4027
 584 4028
 584 4029
 583 4030
 583 4031
 583 4032
 582 4033
 582 4034
 582 4035
 581 4036
 581 4037
 581 4038
 579 4039
 579 4040
 579 4041
 578 4042
 578 4043
 578 4044
 578 4045
 577 4046
 577 4047
 577 4048
 576 4049
 576 4050
 576 4051
 574 4052
 574 4053
 574 4054
 573 4055
 573 4056
 573 4057
 572 4058
 572 4059
 572 4060
 570 4061
 570 4062
 570 4063
 569 4064
 569 4065
 569 4066
 569 4067
 567 4068
 567 4069
 567 4070
 565 4071
 565 4072
 565 4073
 564 4074
 564 4075
 564 4076
 562 4077
 562 4078
 562 4079
 560 4080
 560 4081
 560 4082
 558 4083
 558 4084
 558 4085
 556 4086
 556 4087
 556 4088
 556 4089
 553 4090
 553 4091
 553 4092
 551 4093
 551 4094
 551 4095
 548 4096
 548 4097
 548 4098
 545 4099
 545 4100
 545 4101
 542 4102
 542 4103
 542 4104
 539 4105
 539 4106
 539 4107
 539 4108
 535 4109
 535 4110
 535 4111
 530 4112
 530 4113
 530 4114
 524 4115
 524 4116
 524 4117
 517 4118
 517 4119
 517 4120
 508 4121
 508 4122
 508 4123
 521 4124
 521 4125
 521 4126
 534 4127
 534 4128
 534 4129
 534 4130
 535 4131
 535 4132
 535 4133
 536 4134
 536 4135
 536 4136
 536 4137
 536 4138
 536 4139
 535 4140
 535 4141
 535 4142
 535 4143
 535 4144
 535 4145
 535 4146
 535 4147
 535 4148
 534 4149
 534 4150
 534 4151
 534 4152
 533 4153
 533 4154
 533 4155
 533 4156
 533 4157
 533 4158
 531 4159
 531 4160
 531 4161
 530 4162
 530 4163
 530 4164
 530 4165
 530 4166
 530 4167
 530 4168
 529 4169
 529 4170
 529 4171
 528 4172
 528 4173
 528 4174
 527 4175
 527 4176
 527 4177
 527 4178
 527 4179
 527 4180
 526 4181
 526 4182
 526 4183
 525 4184
 525 4185
 525 4186
 524 4187
 524 4188
 524 4189
 524 4190
 524 4191
 524 4192
 524 4193
 523 4194
 523 4195
 523 4196
 522 4197
 522 4198
 522 4199
 521 4200
 521 4201
 521 4202
 520 4203
 520 4204
 520 4205
 519 4206
 519 4207
 519 4208
 519 4209
 519 4210
