 773 1
 773 2
 773 3
 773 4
 773 5
 773 6
 773 7
 773 8
 773 9
 772 10
 772 11
 772 12
 753 13
 753 14
 753 15
 750 16
 750 17
 750 18
 750 19
 749 20
 749 21
 749 22
 748 23
 748 24
 748 25
 747 26
 747 27
 747 28
 746 29
 746 30
 746 31
 745 32
 745 33
 745 34
 745 35
 745 36
 745 37
 745 38
 744 39
 744 40
 744 41
 744 42
 744 43
 744 44
 743 45
 743 46
 743 47
 743 48
 743 49
 743 50
 743 51
 743 52
 743 53
 743 54
 743 55
 743 56
 742 57
 742 58
 742 59
 742 60
 742 61
 742 62
 742 63
 741 64
 741 65
 741 66
 741 67
 741 68
 741 69
 741 70
 741 71
 741 72
 741 73
 741 74
 741 75
 740 76
 740 77
 740 78
 740 79
 740 80
 740 81
 740 82
 740 83
 740 84
 740 85
 740 86
 740 87
 740 88
 739 89
 739 90
 739 91
 739 92
 739 93
 739 94
 739 95
 739 96
 739 97
 739 98
 739 99
 739 100
 739 101
 739 102
 739 103
 739 104
 739 105
 739 106
 739 107
 738 108
 738 109
 738 110
 738 111
 738 112
 738 113
 738 114
 738 115
 738 116
 738 117
 738 118
 738 119
 737 120
 737 121
 737 122
 737 123
 737 124
 737 125
 737 126
 737 127
 737 128
 737 129
 737 130
 737 131
 737 132
 737 133
 737 134
 737 135
 737 136
 737 137
 737 138
 737 139
 737 140
 737 141
 736 142
 736 143
 736 144
 736 145
 736 146
 736 147
 736 148
 736 149
 736 150
 736 151
 736 152
 736 153
 736 154
 736 155
 736 156
 736 157
 736 158
 736 159
 736 160
 735 161
 735 162
 735 163
 735 164
 735 165
 735 166
 735 167
 735 168
 735 169
 735 170
 735 171
 735 172
 735 173
 735 174
 735 175
 735 176
 735 177
 735 178
 735 179
 735 180
 735 181
 735 182
 735 183
 735 184
 735 185
 735 186
 735 187
 735 188
 735 189
 735 190
 735 191
 735 192
 734 193
 734 194
 734 195
 734 196
 734 197
 734 198
 734 199
 734 200
 734 201
 734 202
 734 203
 734 204
 734 205
 734 206
 734 207
 734 208
 734 209
 734 210
 734 211
 734 212
 734 213
 734 214
 734 215
 734 216
 734 217
 733 218
 733 219
 733 220
 733 221
 733 222
 733 223
 733 224
 733 225
 733 226
 733 227
 733 228
 733 229
 733 230
 733 231
 733 232
 733 233
 733 234
 733 235
 733 236
 733 237
 733 238
 733 239
 733 240
 733 241
 733 242
 733 243
 733 244
 733 245
 732 246
 732 247
 732 248
 732 249
 732 250
 732 251
 732 252
 732 253
 732 254
 732 255
 732 256
 732 257
 732 258
 732 259
 732 260
 732 261
 732 262
 732 263
 732 264
 732 265
 732 266
 732 267
 732 268
 732 269
 732 270
 732 271
 731 272
 731 273
 731 274
 731 275
 731 276
 731 277
 731 278
 731 279
 731 280
 731 281
 731 282
 731 283
 731 284
 731 285
 731 286
 731 287
 731 288
 731 289
 731 290
 731 291
 731 292
 731 293
 731 294
 731 295
 731 296
 731 297
 731 298
 731 299
 731 300
 731 301
 731 302
 730 303
 730 304
 730 305
 730 306
 730 307
 730 308
 730 309
 730 310
 730 311
 730 312
 730 313
 730 314
 730 315
 730 316
 730 317
 730 318
 730 319
 730 320
 730 321
 730 322
 730 323
 730 324
 729 325
 729 326
 729 327
 729 328
 729 329
 729 330
 729 331
 729 332
 729 333
 729 334
 729 335
 729 336
 729 337
 729 338
 729 339
 729 340
 729 341
 729 342
 729 343
 729 344
 729 345
 729 346
 729 347
 729 348
 729 349
 729 350
 729 351
 729 352
 728 353
 728 354
 728 355
 728 356
 728 357
 728 358
 728 359
 728 360
 728 361
 728 362
 728 363
 728 364
 728 365
 728 366
 728 367
 728 368
 728 369
 728 370
 728 371
 728 372
 728 373
 728 374
 728 375
 728 376
 728 377
 728 378
 727 379
 727 380
 727 381
 727 382
 727 383
 727 384
 727 385
 727 386
 727 387
 727 388
 727 389
 727 390
 727 391
 727 392
 727 393
 727 394
 727 395
 727 396
 727 397
 727 398
 727 399
 727 400
 727 401
 727 402
 727 403
 727 404
 727 405
 727 406
 727 407
 727 408
 727 409
 726 410
 726 411
 726 412
 726 413
 726 414
 726 415
 726 416
 726 417
 726 418
 726 419
 726 420
 726 421
 726 422
 726 423
 726 424
 726 425
 726 426
 726 427
 726 428
 725 429
 725 430
 725 431
 725 432
 725 433
 725 434
 725 435
 725 436
 725 437
 725 438
 725 439
 725 440
 725 441
 725 442
 725 443
 725 444
 725 445
 725 446
 725 447
 725 448
 725 449
 725 450
 725 451
 725 452
 725 453
 725 454
 725 455
 725 456
 724 457
 724 458
 724 459
 724 460
 724 461
 724 462
 724 463
 724 464
 724 465
 724 466
 724 467
 724 468
 724 469
 724 470
 724 471
 724 472
 724 473
 724 474
 724 475
 724 476
 724 477
 724 478
 723 479
 723 480
 723 481
 723 482
 723 483
 723 484
 723 485
 723 486
 723 487
 723 488
 723 489
 723 490
 723 491
 723 492
 723 493
 723 494
 723 495
 723 496
 723 497
 723 498
 723 499
 723 500
 723 501
 723 502
 723 503
 723 504
 723 505
 723 506
 723 507
 722 508
 722 509
 722 510
 722 511
 722 512
 722 513
 722 514
 722 515
 722 516
 722 517
 722 518
 722 519
 722 520
 722 521
 722 522
 722 523
 722 524
 722 525
 722 526
 721 527
 721 528
 721 529
 721 530
 721 531
 721 532
 721 533
 721 534
 721 535
 721 536
 721 537
 721 538
 721 539
 721 540
 721 541
 721 542
 721 543
 721 544
 721 545
 721 546
 721 547
 721 548
 721 549
 721 550
 721 551
 721 552
 721 553
 721 554
 720 555
 720 556
 720 557
 720 558
 720 559
 720 560
 720 561
 720 562
 720 563
 720 564
 720 565
 720 566
 720 567
 720 568
 720 569
 720 570
 719 571
 719 572
 719 573
 719 574
 719 575
 719 576
 719 577
 719 578
 719 579
 719 580
 719 581
 719 582
 719 583
 719 584
 719 585
 719 586
 719 587
 719 588
 719 589
 719 590
 719 591
 719 592
 719 593
 719 594
 719 595
 719 596
 719 597
 719 598
 719 599
 719 600
 719 601
 719 602
 719 603
 719 604
 718 605
 718 606
 718 607
 718 608
 718 609
 718 610
 718 611
 718 612
 718 613
 718 614
 718 615
 718 616
 718 617
 718 618
 718 619
 718 620
 718 621
 718 622
 718 623
 717 624
 717 625
 717 626
 717 627
 717 628
 717 629
 717 630
 717 631
 717 632
 717 633
 717 634
 717 635
 717 636
 717 637
 717 638
 717 639
 717 640
 717 641
 717 642
 717 643
 717 644
 717 645
 717 646
 717 647
 717 648
 716 649
 716 650
 716 651
 716 652
 716 653
 716 654
 716 655
 716 656
 716 657
 716 658
 716 659
 716 660
 716 661
 716 662
 716 663
 716 664
 716 665
 716 666
 716 667
 716 668
 716 669
 716 670
 716 671
 716 672
 716 673
 716 674
 715 675
 715 676
 715 677
 715 678
 715 679
 715 680
 715 681
 715 682
 715 683
 715 684
 715 685
 715 686
 715 687
 715 688
 715 689
 715 690
 715 691
 715 692
 715 693
 715 694
 715 695
 715 696
 715 697
 715 698
 715 699
 715 700
 715 701
 715 702
 714 703
 714 704
 714 705
 714 706
 714 707
 714 708
 714 709
 714 710
 714 711
 714 712
 714 713
 714 714
 714 715
 714 716
 714 717
 714 718
 714 719
 714 720
 714 721
 714 722
 714 723
 714 724
 713 725
 713 726
 713 727
 713 728
 713 729
 713 730
 713 731
 713 732
 713 733
 713 734
 713 735
 713 736
 713 737
 713 738
 713 739
 713 740
 713 741
 713 742
 713 743
 713 744
 713 745
 713 746
 713 747
 713 748
 713 749
 713 750
 713 751
 713 752
 713 753
 713 754
 713 755
 712 756
 712 757
 712 758
 712 759
 712 760
 712 761
 712 762
 712 763
 712 764
 712 765
 712 766
 712 767
 712 768
 712 769
 712 770
 712 771
 712 772
 712 773
 712 774
 712 775
 712 776
 712 777
 712 778
 712 779
 712 780
 712 781
 711 782
 711 783
 711 784
 711 785
 711 786
 711 787
 711 788
 711 789
 711 790
 711 791
 711 792
 711 793
 711 794
 711 795
 711 796
 711 797
 711 798
 711 799
 711 800
 711 801
 711 802
 711 803
 711 804
 711 805
 711 806
 711 807
 711 808
 711 809
 711 810
 711 811
 711 812
 710 813
 710 814
 710 815
 710 816
 710 817
 710 818
 710 819
 710 820
 710 821
 710 822
 710 823
 710 824
 710 825
 710 826
 710 827
 710 828
 710 829
 710 830
 710 831
 710 832
 710 833
 710 834
 710 835
 710 836
 710 837
 710 838
 710 839
 710 840
 709 841
 709 842
 709 843
 709 844
 709 845
 709 846
 709 847
 709 848
 709 849
 709 850
 709 851
 709 852
 709 853
 709 854
 709 855
 709 856
 709 857
 709 858
 709 859
 709 860
 709 861
 709 862
 709 863
 709 864
 709 865
 709 866
 709 867
 709 868
 709 869
 708 870
 708 871
 708 872
 708 873
 708 874
 708 875
 708 876
 708 877
 708 878
 708 879
 708 880
 708 881
 708 882
 708 883
 708 884
 708 885
 708 886
 708 887
 708 888
 708 889
 708 890
 708 891
 708 892
 708 893
 708 894
 708 895
 708 896
 708 897
 707 898
 707 899
 707 900
 707 901
 707 902
 707 903
 707 904
 707 905
 707 906
 707 907
 707 908
 707 909
 707 910
 707 911
 707 912
 707 913
 707 914
 707 915
 707 916
 707 917
 707 918
 707 919
 707 920
 707 921
 707 922
 707 923
 707 924
 707 925
 707 926
 707 927
 707 928
 707 929
 706 930
 706 931
 706 932
 706 933
 706 934
 706 935
 706 936
 706 937
 706 938
 706 939
 706 940
 706 941
 706 942
 706 943
 706 944
 706 945
 706 946
 706 947
 706 948
 706 949
 706 950
 706 951
 706 952
 706 953
 706 954
 706 955
 706 956
 706 957
 705 958
 705 959
 705 960
 705 961
 705 962
 705 963
 705 964
 705 965
 705 966
 705 967
 705 968
 705 969
 705 970
 705 971
 705 972
 705 973
 705 974
 705 975
 705 976
 705 977
 705 978
 705 979
 705 980
 705 981
 705 982
 705 983
 705 984
 705 985
 705 986
 705 987
 705 988
 704 989
 704 990
 704 991
 704 992
 704 993
 704 994
 704 995
 704 996
 704 997
 704 998
 704 999
 704 1000
 704 1001
 704 1002
 704 1003
 704 1004
 704 1005
 704 1006
 704 1007
 704 1008
 704 1009
 704 1010
 704 1011
 704 1012
 704 1013
 704 1014
 704 1015
 704 1016
 704 1017
 703 1018
 703 1019
 703 1020
 703 1021
 703 1022
 703 1023
 703 1024
 703 1025
 703 1026
 703 1027
 703 1028
 703 1029
 703 1030
 703 1031
 703 1032
 703 1033
 703 1034
 703 1035
 703 1036
 703 1037
 703 1038
 703 1039
 703 1040
 703 1041
 703 1042
 703 1043
 703 1044
 703 1045
 703 1046
 703 1047
 703 1048
 703 1049
 703 1050
 703 1051
 703 1052
 703 1053
 703 1054
 703 1055
 703 1056
 703 1057
 703 1058
 702 1059
 702 1060
 702 1061
 702 1062
 702 1063
 702 1064
 702 1065
 702 1066
 702 1067
 702 1068
 702 1069
 702 1070
 702 1071
 702 1072
 702 1073
 702 1074
 702 1075
 702 1076
 702 1077
 702 1078
 702 1079
 702 1080
 702 1081
 702 1082
 702 1083
 702 1084
 702 1085
 702 1086
 702 1087
 702 1088
 702 1089
 702 1090
 702 1091
 702 1092
 701 1093
 701 1094
 701 1095
 701 1096
 701 1097
 701 1098
 701 1099
 701 1100
 701 1101
 701 1102
 701 1103
 701 1104
 701 1105
 701 1106
 701 1107
 701 1108
 701 1109
 701 1110
 701 1111
 701 1112
 701 1113
 701 1114
 701 1115
 701 1116
 701 1117
 701 1118
 701 1119
 701 1120
 701 1121
 701 1122
 701 1123
 701 1124
 700 1125
 700 1126
 700 1127
 700 1128
 700 1129
 700 1130
 700 1131
 700 1132
 700 1133
 700 1134
 700 1135
 700 1136
 700 1137
 700 1138
 700 1139
 700 1140
 700 1141
 700 1142
 700 1143
 700 1144
 700 1145
 700 1146
 700 1147
 700 1148
 700 1149
 700 1150
 700 1151
 700 1152
 700 1153
 700 1154
 700 1155
 699 1156
 699 1157
 699 1158
 699 1159
 699 1160
 699 1161
 699 1162
 699 1163
 699 1164
 699 1165
 699 1166
 699 1167
 699 1168
 699 1169
 699 1170
 699 1171
 699 1172
 699 1173
 699 1174
 699 1175
 699 1176
 699 1177
 699 1178
 699 1179
 699 1180
 699 1181
 699 1182
 699 1183
 699 1184
 699 1185
 699 1186
 699 1187
 699 1188
 699 1189
 699 1190
 698 1191
 698 1192
 698 1193
 698 1194
 698 1195
 698 1196
 698 1197
 698 1198
 698 1199
 698 1200
 698 1201
 698 1202
 698 1203
 698 1204
 698 1205
 698 1206
 698 1207
 698 1208
 698 1209
 698 1210
 698 1211
 698 1212
 698 1213
 698 1214
 698 1215
 697 1216
 697 1217
 697 1218
 697 1219
 697 1220
 697 1221
 697 1222
 697 1223
 697 1224
 697 1225
 697 1226
 697 1227
 697 1228
 697 1229
 697 1230
 697 1231
 697 1232
 697 1233
 697 1234
 697 1235
 697 1236
 697 1237
 697 1238
 697 1239
 697 1240
 697 1241
 697 1242
 697 1243
 697 1244
 697 1245
 697 1246
 697 1247
 696 1248
 696 1249
 696 1250
 696 1251
 696 1252
 696 1253
 696 1254
 696 1255
 696 1256
 696 1257
 696 1258
 696 1259
 696 1260
 696 1261
 696 1262
 696 1263
 696 1264
 696 1265
 696 1266
 696 1267
 696 1268
 696 1269
 696 1270
 696 1271
 696 1272
 696 1273
 696 1274
 696 1275
 696 1276
 696 1277
 696 1278
 695 1279
 695 1280
 695 1281
 695 1282
 695 1283
 695 1284
 695 1285
 695 1286
 695 1287
 695 1288
 695 1289
 695 1290
 695 1291
 695 1292
 695 1293
 695 1294
 695 1295
 695 1296
 695 1297
 695 1298
 695 1299
 695 1300
 695 1301
 695 1302
 695 1303
 695 1304
 695 1305
 695 1306
 695 1307
 695 1308
 695 1309
 695 1310
 694 1311
 694 1312
 694 1313
 694 1314
 694 1315
 694 1316
 694 1317
 694 1318
 694 1319
 694 1320
 694 1321
 694 1322
 694 1323
 694 1324
 694 1325
 694 1326
 694 1327
 694 1328
 694 1329
 694 1330
 694 1331
 694 1332
 694 1333
 694 1334
 694 1335
 694 1336
 694 1337
 694 1338
 694 1339
 694 1340
 694 1341
 693 1342
 693 1343
 693 1344
 693 1345
 693 1346
 693 1347
 693 1348
 693 1349
 693 1350
 693 1351
 693 1352
 693 1353
 693 1354
 693 1355
 693 1356
 693 1357
 693 1358
 693 1359
 693 1360
 693 1361
 693 1362
 693 1363
 693 1364
 693 1365
 693 1366
 693 1367
 693 1368
 693 1369
 692 1370
 692 1371
 692 1372
 692 1373
 692 1374
 692 1375
 692 1376
 692 1377
 692 1378
 692 1379
 692 1380
 692 1381
 692 1382
 692 1383
 692 1384
 692 1385
 692 1386
 692 1387
 692 1388
 692 1389
 692 1390
 692 1391
 692 1392
 692 1393
 692 1394
 692 1395
 692 1396
 692 1397
 692 1398
 692 1399
 692 1400
 692 1401
 691 1402
 691 1403
 691 1404
 691 1405
 691 1406
 691 1407
 691 1408
 691 1409
 691 1410
 691 1411
 691 1412
 691 1413
 691 1414
 691 1415
 691 1416
 691 1417
 691 1418
 691 1419
 691 1420
 691 1421
 691 1422
 691 1423
 691 1424
 691 1425
 691 1426
 691 1427
 691 1428
 691 1429
 690 1430
 690 1431
 690 1432
 690 1433
 690 1434
 690 1435
 690 1436
 690 1437
 690 1438
 690 1439
 690 1440
 690 1441
 690 1442
 690 1443
 690 1444
 690 1445
 690 1446
 690 1447
 690 1448
 690 1449
 690 1450
 690 1451
 690 1452
 690 1453
 690 1454
 690 1455
 690 1456
 690 1457
 690 1458
 689 1459
 689 1460
 689 1461
 689 1462
 689 1463
 689 1464
 689 1465
 689 1466
 689 1467
 689 1468
 689 1469
 689 1470
 689 1471
 689 1472
 689 1473
 689 1474
 689 1475
 689 1476
 689 1477
 689 1478
 689 1479
 689 1480
 689 1481
 689 1482
 689 1483
 689 1484
 689 1485
 689 1486
 688 1487
 688 1488
 688 1489
 688 1490
 688 1491
 688 1492
 688 1493
 688 1494
 688 1495
 688 1496
 688 1497
 688 1498
 688 1499
 688 1500
 688 1501
 688 1502
 688 1503
 688 1504
 688 1505
 688 1506
 688 1507
 688 1508
 688 1509
 688 1510
 688 1511
 687 1512
 687 1513
 687 1514
 687 1515
 687 1516
 687 1517
 687 1518
 687 1519
 687 1520
 687 1521
 687 1522
 687 1523
 687 1524
 687 1525
 687 1526
 687 1527
 687 1528
 687 1529
 687 1530
 687 1531
 687 1532
 687 1533
 687 1534
 687 1535
 687 1536
 687 1537
 687 1538
 687 1539
 687 1540
 687 1541
 687 1542
 687 1543
 686 1544
 686 1545
 686 1546
 686 1547
 686 1548
 686 1549
 686 1550
 686 1551
 686 1552
 686 1553
 686 1554
 686 1555
 686 1556
 686 1557
 686 1558
 686 1559
 686 1560
 686 1561
 686 1562
 686 1563
 686 1564
 686 1565
 686 1566
 686 1567
 686 1568
 686 1569
 686 1570
 686 1571
 685 1572
 685 1573
 685 1574
 685 1575
 685 1576
 685 1577
 685 1578
 685 1579
 685 1580
 685 1581
 685 1582
 685 1583
 685 1584
 685 1585
 685 1586
 685 1587
 685 1588
 685 1589
 685 1590
 685 1591
 685 1592
 685 1593
 685 1594
 685 1595
 685 1596
 684 1597
 684 1598
 684 1599
 684 1600
 684 1601
 684 1602
 684 1603
 684 1604
 684 1605
 684 1606
 684 1607
 684 1608
 684 1609
 684 1610
 684 1611
 684 1612
 684 1613
 684 1614
 684 1615
 684 1616
 684 1617
 684 1618
 684 1619
 684 1620
 684 1621
 683 1622
 683 1623
 683 1624
 683 1625
 683 1626
 683 1627
 683 1628
 683 1629
 683 1630
 683 1631
 683 1632
 683 1633
 683 1634
 683 1635
 683 1636
 683 1637
 683 1638
 683 1639
 683 1640
 683 1641
 683 1642
 683 1643
 683 1644
 683 1645
 683 1646
 683 1647
 682 1648
 682 1649
 682 1650
 682 1651
 682 1652
 682 1653
 682 1654
 682 1655
 682 1656
 682 1657
 682 1658
 682 1659
 682 1660
 682 1661
 682 1662
 682 1663
 682 1664
 682 1665
 682 1666
 682 1667
 682 1668
 682 1669
 682 1670
 682 1671
 682 1672
 681 1673
 681 1674
 681 1675
 681 1676
 681 1677
 681 1678
 681 1679
 681 1680
 681 1681
 681 1682
 681 1683
 681 1684
 681 1685
 681 1686
 681 1687
 681 1688
 681 1689
 681 1690
 681 1691
 681 1692
 681 1693
 681 1694
 681 1695
 681 1696
 681 1697
 680 1698
 680 1699
 680 1700
 680 1701
 680 1702
 680 1703
 680 1704
 680 1705
 680 1706
 680 1707
 680 1708
 680 1709
 680 1710
 680 1711
 680 1712
 680 1713
 680 1714
 680 1715
 680 1716
 680 1717
 680 1718
 680 1719
 679 1720
 679 1721
 679 1722
 679 1723
 679 1724
 679 1725
 679 1726
 679 1727
 679 1728
 679 1729
 679 1730
 679 1731
 679 1732
 679 1733
 679 1734
 679 1735
 679 1736
 679 1737
 679 1738
 679 1739
 679 1740
 679 1741
 679 1742
 679 1743
 679 1744
 679 1745
 679 1746
 679 1747
 679 1748
 679 1749
 679 1750
 679 1751
 678 1752
 678 1753
 678 1754
 678 1755
 678 1756
 678 1757
 678 1758
 678 1759
 678 1760
 678 1761
 678 1762
 678 1763
 678 1764
 678 1765
 678 1766
 678 1767
 678 1768
 678 1769
 678 1770
 678 1771
 678 1772
 678 1773
 678 1774
 678 1775
 678 1776
 677 1777
 677 1778
 677 1779
 677 1780
 677 1781
 677 1782
 677 1783
 677 1784
 677 1785
 677 1786
 677 1787
 677 1788
 677 1789
 677 1790
 677 1791
 677 1792
 677 1793
 677 1794
 677 1795
 677 1796
 677 1797
 677 1798
 677 1799
 677 1800
 677 1801
 676 1802
 676 1803
 676 1804
 676 1805
 676 1806
 676 1807
 676 1808
 676 1809
 676 1810
 676 1811
 676 1812
 676 1813
 676 1814
 676 1815
 676 1816
 676 1817
 676 1818
 676 1819
 676 1820
 676 1821
 676 1822
 676 1823
 676 1824
 676 1825
 676 1826
 676 1827
 676 1828
 676 1829
 675 1830
 675 1831
 675 1832
 675 1833
 675 1834
 675 1835
 675 1836
 675 1837
 675 1838
 675 1839
 675 1840
 675 1841
 675 1842
 675 1843
 675 1844
 675 1845
 675 1846
 675 1847
 675 1848
 675 1849
 675 1850
 675 1851
 674 1852
 674 1853
 674 1854
 674 1855
 674 1856
 674 1857
 674 1858
 674 1859
 674 1860
 674 1861
 674 1862
 674 1863
 674 1864
 674 1865
 674 1866
 674 1867
 674 1868
 674 1869
 674 1870
 674 1871
 674 1872
 674 1873
 674 1874
 674 1875
 674 1876
 673 1877
 673 1878
 673 1879
 673 1880
 673 1881
 673 1882
 673 1883
 673 1884
 673 1885
 673 1886
 673 1887
 673 1888
 673 1889
 673 1890
 673 1891
 673 1892
 673 1893
 673 1894
 673 1895
 673 1896
 673 1897
 673 1898
 673 1899
 673 1900
 673 1901
 673 1902
 672 1903
 672 1904
 672 1905
 672 1906
 672 1907
 672 1908
 672 1909
 672 1910
 672 1911
 672 1912
 672 1913
 672 1914
 672 1915
 672 1916
 672 1917
 672 1918
 672 1919
 672 1920
 672 1921
 672 1922
 672 1923
 672 1924
 672 1925
 672 1926
 672 1927
 671 1928
 671 1929
 671 1930
 671 1931
 671 1932
 671 1933
 671 1934
 671 1935
 671 1936
 671 1937
 671 1938
 671 1939
 671 1940
 671 1941
 671 1942
 671 1943
 671 1944
 671 1945
 671 1946
 671 1947
 671 1948
 671 1949
 671 1950
 671 1951
 671 1952
 671 1953
 671 1954
 671 1955
 671 1956
 671 1957
 671 1958
 671 1959
 671 1960
 671 1961
 670 1962
 670 1963
 670 1964
 670 1965
 670 1966
 670 1967
 670 1968
 670 1969
 670 1970
 670 1971
 670 1972
 670 1973
 670 1974
 670 1975
 670 1976
 670 1977
 670 1978
 670 1979
 670 1980
 670 1981
 670 1982
 670 1983
 670 1984
 670 1985
 670 1986
 670 1987
 670 1988
 670 1989
 670 1990
 669 1991
 669 1992
 669 1993
 669 1994
 669 1995
 669 1996
 669 1997
 669 1998
 669 1999
 669 2000
 669 2001
 669 2002
 669 2003
 669 2004
 669 2005
 669 2006
 669 2007
 669 2008
 669 2009
 669 2010
 669 2011
 669 2012
 669 2013
 669 2014
 669 2015
 668 2016
 668 2017
 668 2018
 668 2019
 668 2020
 668 2021
 668 2022
 668 2023
 668 2024
 668 2025
 668 2026
 668 2027
 668 2028
 668 2029
 668 2030
 668 2031
 668 2032
 668 2033
 668 2034
 668 2035
 668 2036
 668 2037
 668 2038
 668 2039
 668 2040
 668 2041
 668 2042
 668 2043
 667 2044
 667 2045
 667 2046
 667 2047
 667 2048
 667 2049
 667 2050
 667 2051
 667 2052
 667 2053
 667 2054
 667 2055
 667 2056
 667 2057
 667 2058
 667 2059
 667 2060
 667 2061
 667 2062
 667 2063
 667 2064
 667 2065
 667 2066
 667 2067
 667 2068
 667 2069
 666 2070
 666 2071
 666 2072
 666 2073
 666 2074
 666 2075
 666 2076
 666 2077
 666 2078
 666 2079
 666 2080
 666 2081
 666 2082
 666 2083
 666 2084
 666 2085
 666 2086
 666 2087
 666 2088
 666 2089
 666 2090
 666 2091
 666 2092
 666 2093
 666 2094
 666 2095
 666 2096
 666 2097
 666 2098
 666 2099
 666 2100
 665 2101
 665 2102
 665 2103
 665 2104
 665 2105
 665 2106
 665 2107
 665 2108
 665 2109
 665 2110
 665 2111
 665 2112
 665 2113
 665 2114
 665 2115
 665 2116
 665 2117
 665 2118
 665 2119
 665 2120
 665 2121
 665 2122
 665 2123
 665 2124
 665 2125
 665 2126
 665 2127
 665 2128
 664 2129
 664 2130
 664 2131
 664 2132
 664 2133
 664 2134
 664 2135
 664 2136
 664 2137
 664 2138
 664 2139
 664 2140
 664 2141
 664 2142
 664 2143
 664 2144
 664 2145
 664 2146
 664 2147
 664 2148
 664 2149
 664 2150
 664 2151
 664 2152
 664 2153
 664 2154
 664 2155
 664 2156
 664 2157
 664 2158
 664 2159
 664 2160
 663 2161
 663 2162
 663 2163
 663 2164
 663 2165
 663 2166
 663 2167
 663 2168
 663 2169
 663 2170
 663 2171
 663 2172
 663 2173
 663 2174
 663 2175
 663 2176
 663 2177
 663 2178
 663 2179
 663 2180
 663 2181
 663 2182
 663 2183
 663 2184
 663 2185
 663 2186
 663 2187
 663 2188
 663 2189
 663 2190
 663 2191
 662 2192
 662 2193
 662 2194
 662 2195
 662 2196
 662 2197
 662 2198
 662 2199
 662 2200
 662 2201
 662 2202
 662 2203
 662 2204
 662 2205
 662 2206
 662 2207
 662 2208
 662 2209
 662 2210
 662 2211
 662 2212
 662 2213
 662 2214
 662 2215
 662 2216
 662 2217
 662 2218
 662 2219
 662 2220
 662 2221
 662 2222
 662 2223
 662 2224
 662 2225
 662 2226
 661 2227
 661 2228
 661 2229
 661 2230
 661 2231
 661 2232
 661 2233
 661 2234
 661 2235
 661 2236
 661 2237
 661 2238
 661 2239
 661 2240
 661 2241
 661 2242
 661 2243
 661 2244
 661 2245
 661 2246
 661 2247
 661 2248
 661 2249
 661 2250
 661 2251
 661 2252
 661 2253
 661 2254
 661 2255
 661 2256
 661 2257
 661 2258
 661 2259
 661 2260
 661 2261
 660 2262
 660 2263
 660 2264
 660 2265
 660 2266
 660 2267
 660 2268
 660 2269
 660 2270
 660 2271
 660 2272
 660 2273
 660 2274
 660 2275
 660 2276
 660 2277
 660 2278
 660 2279
 660 2280
 660 2281
 660 2282
 660 2283
 660 2284
 660 2285
 660 2286
 660 2287
 660 2288
 660 2289
 660 2290
 660 2291
 660 2292
 660 2293
 660 2294
 660 2295
 659 2296
 659 2297
 659 2298
 659 2299
 659 2300
 659 2301
 659 2302
 659 2303
 659 2304
 659 2305
 659 2306
 659 2307
 659 2308
 659 2309
 659 2310
 659 2311
 659 2312
 659 2313
 659 2314
 659 2315
 659 2316
 659 2317
 659 2318
 659 2319
 659 2320
 659 2321
 659 2322
 659 2323
 659 2324
 659 2325
 659 2326
 659 2327
 659 2328
 659 2329
 659 2330
 658 2331
 658 2332
 658 2333
 658 2334
 658 2335
 658 2336
 658 2337
 658 2338
 658 2339
 658 2340
 658 2341
 658 2342
 658 2343
 658 2344
 658 2345
 658 2346
 658 2347
 658 2348
 658 2349
 658 2350
 658 2351
 658 2352
 658 2353
 658 2354
 658 2355
 658 2356
 658 2357
 658 2358
 658 2359
 658 2360
 658 2361
 658 2362
 658 2363
 658 2364
 658 2365
 657 2366
 657 2367
 657 2368
 657 2369
 657 2370
 657 2371
 657 2372
 657 2373
 657 2374
 657 2375
 657 2376
 657 2377
 657 2378
 657 2379
 657 2380
 657 2381
 657 2382
 657 2383
 657 2384
 657 2385
 657 2386
 657 2387
 657 2388
 657 2389
 657 2390
 657 2391
 657 2392
 657 2393
 657 2394
 657 2395
 657 2396
 657 2397
 657 2398
 657 2399
 657 2400
 657 2401
 657 2402
 656 2403
 656 2404
 656 2405
 656 2406
 656 2407
 656 2408
 656 2409
 656 2410
 656 2411
 656 2412
 656 2413
 656 2414
 656 2415
 656 2416
 656 2417
 656 2418
 656 2419
 656 2420
 656 2421
 656 2422
 656 2423
 656 2424
 656 2425
 656 2426
 656 2427
 656 2428
 656 2429
 656 2430
 656 2431
 656 2432
 656 2433
 656 2434
 656 2435
 656 2436
 656 2437
 656 2438
 656 2439
 656 2440
 655 2441
 655 2442
 655 2443
 655 2444
 655 2445
 655 2446
 655 2447
 655 2448
 655 2449
 655 2450
 655 2451
 655 2452
 655 2453
 655 2454
 655 2455
 655 2456
 655 2457
 655 2458
 655 2459
 655 2460
 655 2461
 655 2462
 655 2463
 655 2464
 655 2465
 655 2466
 655 2467
 655 2468
 655 2469
 655 2470
 655 2471
 655 2472
 655 2473
 655 2474
 655 2475
 655 2476
 655 2477
 655 2478
 654 2479
 654 2480
 654 2481
 654 2482
 654 2483
 654 2484
 654 2485
 654 2486
 654 2487
 654 2488
 654 2489
 654 2490
 654 2491
 654 2492
 654 2493
 654 2494
 654 2495
 654 2496
 654 2497
 654 2498
 654 2499
 654 2500
 654 2501
 654 2502
 654 2503
 654 2504
 654 2505
 654 2506
 654 2507
 654 2508
 654 2509
 654 2510
 654 2511
 654 2512
 654 2513
 654 2514
 654 2515
 654 2516
 654 2517
 654 2518
 654 2519
 653 2520
 653 2521
 653 2522
 653 2523
 653 2524
 653 2525
 653 2526
 653 2527
 653 2528
 653 2529
 653 2530
 653 2531
 653 2532
 653 2533
 653 2534
 653 2535
 653 2536
 653 2537
 653 2538
 653 2539
 653 2540
 653 2541
 653 2542
 653 2543
 653 2544
 653 2545
 653 2546
 653 2547
 653 2548
 653 2549
 653 2550
 653 2551
 653 2552
 653 2553
 653 2554
 653 2555
 653 2556
 653 2557
 653 2558
 653 2559
 653 2560
 652 2561
 652 2562
 652 2563
 652 2564
 652 2565
 652 2566
 652 2567
 652 2568
 652 2569
 652 2570
 652 2571
 652 2572
 652 2573
 652 2574
 652 2575
 652 2576
 652 2577
 652 2578
 652 2579
 652 2580
 652 2581
 652 2582
 652 2583
 652 2584
 652 2585
 652 2586
 652 2587
 652 2588
 652 2589
 652 2590
 652 2591
 652 2592
 652 2593
 652 2594
 652 2595
 652 2596
 652 2597
 652 2598
 651 2599
 651 2600
 651 2601
 651 2602
 651 2603
 651 2604
 651 2605
 651 2606
 651 2607
 651 2608
 651 2609
 651 2610
 651 2611
 651 2612
 651 2613
 651 2614
 651 2615
 651 2616
 651 2617
 651 2618
 651 2619
 651 2620
 651 2621
 651 2622
 651 2623
 651 2624
 651 2625
 651 2626
 651 2627
 651 2628
 651 2629
 651 2630
 651 2631
 651 2632
 651 2633
 651 2634
 651 2635
 650 2636
 650 2637
 650 2638
 650 2639
 650 2640
 650 2641
 650 2642
 650 2643
 650 2644
 650 2645
 650 2646
 650 2647
 650 2648
 650 2649
 650 2650
 650 2651
 650 2652
 650 2653
 650 2654
 650 2655
 650 2656
 650 2657
 650 2658
 650 2659
 650 2660
 650 2661
 650 2662
 650 2663
 650 2664
 650 2665
 650 2666
 650 2667
 650 2668
 650 2669
 650 2670
 650 2671
 650 2672
 650 2673
 650 2674
 650 2675
 650 2676
 649 2677
 649 2678
 649 2679
 649 2680
 649 2681
 649 2682
 649 2683
 649 2684
 649 2685
 649 2686
 649 2687
 649 2688
 649 2689
 649 2690
 649 2691
 649 2692
 649 2693
 649 2694
 649 2695
 649 2696
 649 2697
 649 2698
 649 2699
 649 2700
 649 2701
 649 2702
 649 2703
 649 2704
 649 2705
 649 2706
 649 2707
 649 2708
 649 2709
 649 2710
 649 2711
 649 2712
 649 2713
 649 2714
 648 2715
 648 2716
 648 2717
 648 2718
 648 2719
 648 2720
 648 2721
 648 2722
 648 2723
 648 2724
 648 2725
 648 2726
 648 2727
 648 2728
 648 2729
 648 2730
 648 2731
 648 2732
 648 2733
 648 2734
 648 2735
 648 2736
 648 2737
 648 2738
 648 2739
 648 2740
 648 2741
 648 2742
 648 2743
 648 2744
 648 2745
 648 2746
 648 2747
 648 2748
 648 2749
 648 2750
 648 2751
 648 2752
 647 2753
 647 2754
 647 2755
 647 2756
 647 2757
 647 2758
 647 2759
 647 2760
 647 2761
 647 2762
 647 2763
 647 2764
 647 2765
 647 2766
 647 2767
 647 2768
 647 2769
 647 2770
 647 2771
 647 2772
 647 2773
 647 2774
 647 2775
 647 2776
 647 2777
 647 2778
 647 2779
 647 2780
 647 2781
 647 2782
 647 2783
 647 2784
 647 2785
 647 2786
 647 2787
 647 2788
 647 2789
 647 2790
 646 2791
 646 2792
 646 2793
 646 2794
 646 2795
 646 2796
 646 2797
 646 2798
 646 2799
 646 2800
 646 2801
 646 2802
 646 2803
 646 2804
 646 2805
 646 2806
 646 2807
 646 2808
 646 2809
 646 2810
 646 2811
 646 2812
 646 2813
 646 2814
 646 2815
 646 2816
 646 2817
 646 2818
 646 2819
 646 2820
 646 2821
 646 2822
 646 2823
 646 2824
 646 2825
 646 2826
 646 2827
 646 2828
 646 2829
 646 2830
 646 2831
 646 2832
 646 2833
 646 2834
 645 2835
 645 2836
 645 2837
 645 2838
 645 2839
 645 2840
 645 2841
 645 2842
 645 2843
 645 2844
 645 2845
 645 2846
 645 2847
 645 2848
 645 2849
 645 2850
 645 2851
 645 2852
 645 2853
 645 2854
 645 2855
 645 2856
 645 2857
 645 2858
 645 2859
 645 2860
 645 2861
 645 2862
 645 2863
 645 2864
 645 2865
 645 2866
 645 2867
 645 2868
 644 2869
 644 2870
 644 2871
 644 2872
 644 2873
 644 2874
 644 2875
 644 2876
 644 2877
 644 2878
 644 2879
 644 2880
 644 2881
 644 2882
 644 2883
 644 2884
 644 2885
 644 2886
 644 2887
 644 2888
 644 2889
 644 2890
 644 2891
 644 2892
 644 2893
 644 2894
 644 2895
 644 2896
 644 2897
 644 2898
 644 2899
 644 2900
 644 2901
 644 2902
 644 2903
 644 2904
 644 2905
 644 2906
 643 2907
 643 2908
 643 2909
 643 2910
 643 2911
 643 2912
 643 2913
 643 2914
 643 2915
 643 2916
 643 2917
 643 2918
 643 2919
 643 2920
 643 2921
 643 2922
 643 2923
 643 2924
 643 2925
 643 2926
 643 2927
 643 2928
 643 2929
 643 2930
 643 2931
 643 2932
 643 2933
 643 2934
 643 2935
 642 2936
 642 2937
 642 2938
 642 2939
 642 2940
 642 2941
 642 2942
 642 2943
 642 2944
 642 2945
 642 2946
 642 2947
 642 2948
 642 2949
 642 2950
 642 2951
 642 2952
 642 2953
 642 2954
 642 2955
 642 2956
 642 2957
 642 2958
 642 2959
 642 2960
 642 2961
 642 2962
 642 2963
 642 2964
 642 2965
 642 2966
 642 2967
 642 2968
 642 2969
 642 2970
 642 2971
 642 2972
 641 2973
 641 2974
 641 2975
 641 2976
 641 2977
 641 2978
 641 2979
 641 2980
 641 2981
 641 2982
 641 2983
 641 2984
 641 2985
 641 2986
 641 2987
 641 2988
 641 2989
 641 2990
 641 2991
 641 2992
 641 2993
 641 2994
 641 2995
 641 2996
 641 2997
 641 2998
 641 2999
 641 3000
 641 3001
 640 3002
 640 3003
 640 3004
 640 3005
 640 3006
 640 3007
 640 3008
 640 3009
 640 3010
 640 3011
 640 3012
 640 3013
 640 3014
 640 3015
 640 3016
 640 3017
 640 3018
 640 3019
 640 3020
 640 3021
 640 3022
 640 3023
 640 3024
 640 3025
 640 3026
 640 3027
 640 3028
 640 3029
 640 3030
 640 3031
 640 3032
 640 3033
 640 3034
 640 3035
 640 3036
 640 3037
 640 3038
 639 3039
 639 3040
 639 3041
 639 3042
 639 3043
 639 3044
 639 3045
 639 3046
 639 3047
 639 3048
 639 3049
 639 3050
 639 3051
 639 3052
 639 3053
 639 3054
 639 3055
 639 3056
 639 3057
 639 3058
 639 3059
 639 3060
 639 3061
 639 3062
 639 3063
 639 3064
 639 3065
 639 3066
 639 3067
 639 3068
 639 3069
 639 3070
 638 3071
 638 3072
 638 3073
 638 3074
 638 3075
 638 3076
 638 3077
 638 3078
 638 3079
 638 3080
 638 3081
 638 3082
 638 3083
 638 3084
 638 3085
 638 3086
 638 3087
 638 3088
 638 3089
 638 3090
 638 3091
 638 3092
 638 3093
 638 3094
 638 3095
 638 3096
 638 3097
 638 3098
 638 3099
 638 3100
 638 3101
 638 3102
 638 3103
 638 3104
 638 3105
 638 3106
 638 3107
 638 3108
 637 3109
 637 3110
 637 3111
 637 3112
 637 3113
 637 3114
 637 3115
 637 3116
 637 3117
 637 3118
 637 3119
 637 3120
 637 3121
 637 3122
 637 3123
 637 3124
 637 3125
 637 3126
 637 3127
 637 3128
 637 3129
 637 3130
 637 3131
 637 3132
 637 3133
 637 3134
 637 3135
 637 3136
 636 3137
 636 3138
 636 3139
 636 3140
 636 3141
 636 3142
 636 3143
 636 3144
 636 3145
 636 3146
 636 3147
 636 3148
 636 3149
 636 3150
 636 3151
 636 3152
 636 3153
 636 3154
 636 3155
 636 3156
 636 3157
 636 3158
 636 3159
 636 3160
 636 3161
 636 3162
 636 3163
 636 3164
 635 3165
 635 3166
 635 3167
 635 3168
 635 3169
 635 3170
 635 3171
 635 3172
 635 3173
 635 3174
 635 3175
 635 3176
 635 3177
 635 3178
 635 3179
 635 3180
 635 3181
 635 3182
 635 3183
 635 3184
 635 3185
 635 3186
 635 3187
 635 3188
 635 3189
 635 3190
 635 3191
 635 3192
 635 3193
 634 3194
 634 3195
 634 3196
 634 3197
 634 3198
 634 3199
 634 3200
 634 3201
 634 3202
 634 3203
 634 3204
 634 3205
 634 3206
 634 3207
 634 3208
 634 3209
 634 3210
 634 3211
 634 3212
 634 3213
 634 3214
 634 3215
 634 3216
 634 3217
 634 3218
 633 3219
 633 3220
 633 3221
 633 3222
 633 3223
 633 3224
 633 3225
 633 3226
 633 3227
 633 3228
 633 3229
 633 3230
 633 3231
 633 3232
 633 3233
 633 3234
 633 3235
 633 3236
 633 3237
 633 3238
 633 3239
 633 3240
 633 3241
 633 3242
 633 3243
 633 3244
 633 3245
 633 3246
 632 3247
 632 3248
 632 3249
 632 3250
 632 3251
 632 3252
 632 3253
 632 3254
 632 3255
 632 3256
 632 3257
 632 3258
 632 3259
 632 3260
 632 3261
 632 3262
 632 3263
 632 3264
 632 3265
 632 3266
 632 3267
 632 3268
 632 3269
 632 3270
 632 3271
 631 3272
 631 3273
 631 3274
 631 3275
 631 3276
 631 3277
 631 3278
 631 3279
 631 3280
 631 3281
 631 3282
 631 3283
 631 3284
 631 3285
 631 3286
 631 3287
 631 3288
 631 3289
 631 3290
 631 3291
 631 3292
 631 3293
 631 3294
 631 3295
 631 3296
 631 3297
 630 3298
 630 3299
 630 3300
 630 3301
 630 3302
 630 3303
 630 3304
 630 3305
 630 3306
 630 3307
 630 3308
 630 3309
 630 3310
 630 3311
 630 3312
 630 3313
 630 3314
 630 3315
 630 3316
 630 3317
 630 3318
 630 3319
 630 3320
 630 3321
 630 3322
 630 3323
 630 3324
 630 3325
 629 3326
 629 3327
 629 3328
 629 3329
 629 3330
 629 3331
 629 3332
 629 3333
 629 3334
 629 3335
 629 3336
 629 3337
 629 3338
 629 3339
 629 3340
 629 3341
 629 3342
 629 3343
 629 3344
 629 3345
 629 3346
 629 3347
 629 3348
 629 3349
 629 3350
 629 3351
 629 3352
 629 3353
 628 3354
 628 3355
 628 3356
 628 3357
 628 3358
 628 3359
 628 3360
 628 3361
 628 3362
 628 3363
 628 3364
 628 3365
 628 3366
 628 3367
 628 3368
 628 3369
 628 3370
 628 3371
 628 3372
 628 3373
 628 3374
 628 3375
 628 3376
 628 3377
 628 3378
 628 3379
 627 3380
 627 3381
 627 3382
 627 3383
 627 3384
 627 3385
 627 3386
 627 3387
 627 3388
 627 3389
 627 3390
 627 3391
 627 3392
 627 3393
 627 3394
 627 3395
 627 3396
 627 3397
 626 3398
 626 3399
 626 3400
 626 3401
 626 3402
 626 3403
 626 3404
 626 3405
 626 3406
 626 3407
 626 3408
 626 3409
 626 3410
 626 3411
 626 3412
 626 3413
 626 3414
 626 3415
 626 3416
 626 3417
 626 3418
 626 3419
 626 3420
 626 3421
 626 3422
 626 3423
 625 3424
 625 3425
 625 3426
 625 3427
 625 3428
 625 3429
 625 3430
 625 3431
 625 3432
 625 3433
 625 3434
 625 3435
 625 3436
 625 3437
 625 3438
 625 3439
 625 3440
 625 3441
 625 3442
 625 3443
 625 3444
 625 3445
 624 3446
 624 3447
 624 3448
 624 3449
 624 3450
 624 3451
 624 3452
 624 3453
 624 3454
 624 3455
 624 3456
 624 3457
 624 3458
 624 3459
 624 3460
 624 3461
 624 3462
 624 3463
 624 3464
 623 3465
 623 3466
 623 3467
 623 3468
 623 3469
 623 3470
 623 3471
 623 3472
 623 3473
 623 3474
 623 3475
 623 3476
 623 3477
 623 3478
 623 3479
 623 3480
 623 3481
 623 3482
 623 3483
 623 3484
 623 3485
 623 3486
 622 3487
 622 3488
 622 3489
 622 3490
 622 3491
 622 3492
 622 3493
 622 3494
 622 3495
 622 3496
 622 3497
 622 3498
 622 3499
 622 3500
 622 3501
 621 3502
 621 3503
 621 3504
 621 3505
 621 3506
 621 3507
 621 3508
 621 3509
 621 3510
 621 3511
 621 3512
 621 3513
 621 3514
 621 3515
 621 3516
 621 3517
 620 3518
 620 3519
 620 3520
 620 3521
 620 3522
 620 3523
 620 3524
 620 3525
 620 3526
 620 3527
 620 3528
 620 3529
 620 3530
 620 3531
 620 3532
 620 3533
 619 3534
 619 3535
 619 3536
 619 3537
 619 3538
 619 3539
 619 3540
 619 3541
 619 3542
 619 3543
 619 3544
 619 3545
 618 3546
 618 3547
 618 3548
 618 3549
 618 3550
 618 3551
 618 3552
 618 3553
 618 3554
 618 3555
 618 3556
 618 3557
 618 3558
 617 3559
 617 3560
 617 3561
 617 3562
 617 3563
 617 3564
 617 3565
 617 3566
 617 3567
 616 3568
 616 3569
 616 3570
 616 3571
 616 3572
 616 3573
 616 3574
 616 3575
 616 3576
 616 3577
 615 3578
 615 3579
 615 3580
 615 3581
 615 3582
 615 3583
 615 3584
 615 3585
 615 3586
 615 3587
 615 3588
 615 3589
 614 3590
 614 3591
 614 3592
 614 3593
 614 3594
 614 3595
 614 3596
 613 3597
 613 3598
 613 3599
 613 3600
 613 3601
 613 3602
 613 3603
 613 3604
 613 3605
 612 3606
 612 3607
 612 3608
 612 3609
 612 3610
 612 3611
 612 3612
 611 3613
 611 3614
 611 3615
 611 3616
 611 3617
 611 3618
 611 3619
 611 3620
 611 3621
 610 3622
 610 3623
 610 3624
 610 3625
 610 3626
 610 3627
 609 3628
 609 3629
 609 3630
 609 3631
 609 3632
 609 3633
 609 3634
 608 3635
 608 3636
 608 3637
 607 3638
 607 3639
 607 3640
 607 3641
 607 3642
 607 3643
 606 3644
 606 3645
 606 3646
 606 3647
 606 3648
 606 3649
 605 3650
 605 3651
 605 3652
 605 3653
 605 3654
 605 3655
 605 3656
 604 3657
 604 3658
 604 3659
 603 3660
 603 3661
 603 3662
 603 3663
 603 3664
 603 3665
 602 3666
 602 3667
 602 3668
 601 3669
 601 3670
 601 3671
 600 3672
 600 3673
 600 3674
 600 3675
 599 3676
 599 3677
 599 3678
 599 3679
 599 3680
 599 3681
 598 3682
 598 3683
 598 3684
 597 3685
 597 3686
 597 3687
 596 3688
 596 3689
 596 3690
 595 3691
 595 3692
 595 3693
 594 3694
 594 3695
 594 3696
 594 3697
 593 3698
 593 3699
 593 3700
 592 3701
 592 3702
 592 3703
 591 3704
 591 3705
 591 3706
 590 3707
 590 3708
 590 3709
 589 3710
 589 3711
 589 3712
 588 3713
 588 3714
 588 3715
 587 3716
 587 3717
 587 3718
 587 3719
 585 3720
 585 3721
 585 3722
 584 3723
 584 3724
 584 3725
 583 3726
 583 3727
 583 3728
 581 3729
 581 3730
 581 3731
 580 3732
 580 3733
 580 3734
 578 3735
 578 3736
 578 3737
 577 3738
 577 3739
 577 3740
 577 3741
 575 3742
 575 3743
 575 3744
 574 3745
 574 3746
 574 3747
 572 3748
 572 3749
 572 3750
 570 3751
 570 3752
 570 3753
 569 3754
 569 3755
 569 3756
 567 3757
 567 3758
 567 3759
 567 3760
 564 3761
 564 3762
 564 3763
 562 3764
 562 3765
 562 3766
 560 3767
 560 3768
 560 3769
 557 3770
 557 3771
 557 3772
 554 3773
 554 3774
 554 3775
 551 3776
 551 3777
 551 3778
 547 3779
 547 3780
 547 3781
 547 3782
 543 3783
 543 3784
 543 3785
 538 3786
 538 3787
 538 3788
 523 3789
 523 3790
 523 3791
 515 3792
 515 3793
